   0    -9.54890775e-01  2 2 2 2 2   2 2 0 0 0   
   1     1.10195447e-01  2 2 2 2 2   0 2 2 0 0   
   2     1.10195447e-01  2 2 2 2 0   2 2 0 2 0   
   3    -6.00760179e-02  2 2 2 2 b   a 2 b a 0   
   4    -6.00760179e-02  2 2 2 2 a   b 2 a b 0   
   5     5.44421906e-02  2 2 2 0 2   2 2 2 0 0   
   6     5.44421906e-02  2 2 2 0 2   2 2 0 2 0   
   7    -5.01836533e-02  2 2 2 2 b   a 2 2 0 0   
   8     5.01836533e-02  2 2 2 2 a   b 2 2 0 0   
   9    -5.01836539e-02  2 2 2 2 2   0 2 b a 0   
  10     5.01836539e-02  2 2 2 2 0   2 2 b a 0   
  11     5.01836539e-02  2 2 2 2 2   0 2 a b 0   
  12    -5.01836539e-02  2 2 2 2 0   2 2 a b 0   
  13     5.01836533e-02  2 2 2 2 b   a 2 0 2 0   
  14    -5.01836533e-02  2 2 2 2 a   b 2 0 2 0   
  15     4.90883432e-02  2 2 2 2 b   b 2 a a 0   
  16     4.90883432e-02  2 2 2 2 a   a 2 b b 0   
  17    -4.13675733e-02  2 2 2 2 0   0 2 2 2 0   
  18     3.91378183e-02  2 2 2 2 0   2 2 2 0 0   
  19     3.91378183e-02  2 2 2 2 2   0 2 0 2 0   
  20     2.84841933e-02  2 2 2 2 2   2 0 0 0 2   
  21    -2.84014456e-02  2 2 2 2 2   b b a 0 a   
  22    -2.84014456e-02  2 2 2 2 b   2 b 0 a a   
  23    -2.84014456e-02  2 2 2 2 2   a a b 0 b   
  24    -2.84014456e-02  2 2 2 2 a   2 a 0 b b   
  25     2.82131470e-02  2 2 2 2 2   a b b 0 a   
  26     2.82131470e-02  2 2 2 2 a   2 b 0 b a   
  27     2.82131470e-02  2 2 2 2 2   b a a 0 b   
  28     2.82131470e-02  2 2 2 2 b   2 a 0 a b   
  29     2.62825400e-02  2 2 b 2 2   a 2 b 0 a   
  30     2.62825400e-02  2 2 b 2 a   2 2 0 b a   
  31     2.62825400e-02  2 2 a 2 2   b 2 a 0 b   
  32     2.62825400e-02  2 2 a 2 b   2 2 0 a b   
  33     2.49443565e-02  2 2 2 2 2   2 0 2 0 0   
  34     2.49443565e-02  2 2 2 2 2   2 0 0 2 0   
  35     2.35473408e-02  2 2 0 2 2   2 2 0 0 2   
  36    -1.63559958e-02  2 2 a 2 2   b 2 b 0 a   
  37    -1.63559958e-02  2 2 a 2 b   2 2 0 b a   
  38    -1.63559958e-02  2 2 b 2 2   a 2 a 0 b   
  39    -1.63559958e-02  2 2 b 2 a   2 2 0 a b   
  40    -1.52251304e-02  2 2 b 2 2   2 a 0 0 2   
  41     1.52251304e-02  2 2 a 2 2   2 b 0 0 2   
  42     1.46898467e-02  2 2 2 2 b   2 b a 0 a   
  43    -1.46898467e-02  2 2 2 2 2   b b 0 a a   
  44     1.46898467e-02  2 2 2 2 a   2 a b 0 b   
  45    -1.46898467e-02  2 2 2 2 2   a a 0 b b   
  46    -1.45800748e-02  2 2 2 2 a   2 b b 0 a   
  47     1.45800748e-02  2 2 2 2 2   a b 0 b a   
  48    -1.45800748e-02  2 2 2 2 b   2 a a 0 b   
  49     1.45800748e-02  2 2 2 2 2   b a 0 a b   
  50     1.36990658e-02  2 2 2 0 2   2 2 0 0 2   
  51    -1.35903362e-02  2 2 b 2 a   2 2 b 0 a   
  52     1.35903362e-02  2 2 b 2 2   a 2 0 b a   
  53    -1.35903362e-02  2 2 a 2 b   2 2 a 0 b   
  54     1.35903362e-02  2 2 a 2 2   b 2 0 a b   
  55     1.18540554e-02  2 2 2 2 2   0 2 0 0 2   
  56     1.18540554e-02  2 2 2 2 0   2 2 0 0 2   
  57     1.12724189e-02  2 2 0 2 2   2 2 2 0 0   
  58     1.12724189e-02  2 2 0 2 2   2 2 0 2 0   
  59     1.09731547e-02  2 2 2 2 a   b 2 b a 0   
  60     1.09731547e-02  2 2 2 2 b   a 2 a b 0   
  61    -1.01346834e-02  2 2 2 2 a   0 b 2 b a   
  62    -1.01346834e-02  2 2 2 2 0   a b b 2 a   
  63    -1.01346834e-02  2 2 2 2 b   0 a 2 a b   
  64    -1.01346834e-02  2 2 2 2 0   b a a 2 b   
  65     1.00977966e-02  2 2 2 2 b   0 b 2 a a   
  66     1.00977966e-02  2 2 2 2 0   b b a 2 a   
  67     1.00977966e-02  2 2 2 2 a   0 a 2 b b   
  68     1.00977966e-02  2 2 2 2 0   a a b 2 b   
  69     1.00677660e-02  2 2 2 b 2   2 2 0 0 a   
  70    -1.00677660e-02  2 2 2 a 2   2 2 0 0 b   
  71    -9.91769218e-03  2 2 b 2 2   b 2 a 0 a   
  72    -9.91769218e-03  2 2 b 2 b   2 2 0 a a   
  73    -9.91769218e-03  2 2 a 2 2   a 2 b 0 b   
  74    -9.91769218e-03  2 2 a 2 a   2 2 0 b b   
  75     9.47530994e-03  2 2 b 2 2   2 a 2 0 0   
  76    -9.47530994e-03  2 2 a 2 2   2 b 2 0 0   
  77     9.47530994e-03  2 2 b 2 2   2 a 0 2 0   
  78    -9.47530994e-03  2 2 a 2 2   2 b 0 2 0   
  79     8.43857490e-03  2 2 a 2 b   2 2 b 0 a   
  80    -8.43857490e-03  2 2 a 2 2   b 2 0 b a   
  81     8.43857490e-03  2 2 b 2 a   2 2 a 0 b   
  82    -8.43857490e-03  2 2 b 2 2   a 2 0 a b   
  83    -7.90735567e-03  2 2 b 2 a   0 2 2 b a   
  84    -7.90735567e-03  2 2 b 2 0   a 2 b 2 a   
  85    -7.90735567e-03  2 2 a 2 b   0 2 2 a b   
  86    -7.90735567e-03  2 2 a 2 0   b 2 a 2 b   
  87    -6.73024379e-03  2 2 2 0 2   0 2 2 2 0   
  88    -6.73024379e-03  2 2 2 0 0   2 2 2 2 0   
  89    -6.54828163e-03  2 2 2 b b   2 a 2 a 0   
  90    -6.54828163e-03  2 2 2 a a   2 b 2 b 0   
  91    -6.54828163e-03  2 2 2 b 2   b a a 2 0   
  92    -6.54828163e-03  2 2 2 a 2   a b b 2 0   
  93     6.27092535e-03  2 2 2 a b   2 b 2 a 0   
  94     6.27092535e-03  2 2 2 b a   2 a 2 b 0   
  95     6.27092535e-03  2 2 2 a 2   b b a 2 0   
  96     6.27092535e-03  2 2 2 b 2   a a b 2 0   
  97    -6.05390790e-03  2 2 2 2 2   0 0 2 0 2   
  98    -6.05390790e-03  2 2 2 2 0   2 0 0 2 2   
  99    -5.23446358e-03  2 2 2 2 0   a b 2 b a   
 100     5.23446358e-03  2 2 2 2 a   0 b b 2 a   
 101    -5.23446358e-03  2 2 2 2 0   b a 2 a b   
 102     5.23446358e-03  2 2 2 2 b   0 a a 2 b   
 103     5.20670059e-03  2 2 2 2 0   b b 2 a a   
 104    -5.20670059e-03  2 2 2 2 b   0 b a 2 a   
 105     5.20670059e-03  2 2 2 2 0   a a 2 b b   
 106    -5.20670059e-03  2 2 2 2 a   0 a b 2 b   
 107     5.12592972e-03  2 2 b 2 b   2 2 a 0 a   
 108    -5.12592972e-03  2 2 b 2 2   b 2 0 a a   
 109     5.12592972e-03  2 2 a 2 a   2 2 b 0 b   
 110    -5.12592972e-03  2 2 a 2 2   a 2 0 b b   
 111    -5.06189728e-03  2 2 2 0 2   2 0 2 2 0   
 112     4.64063012e-03  2 2 b 2 b   0 2 2 a a   
 113     4.64063012e-03  2 2 b 2 0   b 2 a 2 a   
 114     4.64063012e-03  2 2 a 2 a   0 2 2 b b   
 115     4.64063012e-03  2 2 a 2 0   a 2 b 2 b   
 116     4.24940089e-03  2 2 2 2 0   0 0 2 2 2   
 117    -4.23624602e-03  2 2 0 2 2   0 2 2 0 2   
 118    -4.23624602e-03  2 2 0 2 0   2 2 0 2 2   
 119    -4.10519130e-03  2 2 2 b 2   2 0 2 0 a   
 120    -4.10519130e-03  2 2 2 b 2   2 0 0 2 a   
 121     4.10519130e-03  2 2 2 a 2   2 0 2 0 b   
 122     4.10519130e-03  2 2 2 a 2   2 0 0 2 b   
 123    -4.09908789e-03  2 2 b 2 0   a 2 2 b a   
 124     4.09908789e-03  2 2 b 2 a   0 2 b 2 a   
 125    -4.09908789e-03  2 2 a 2 0   b 2 2 a b   
 126     4.09908789e-03  2 2 a 2 b   0 2 a 2 b   
 127    -3.91144103e-03  2 2 a b b   2 2 2 a 0   
 128    -3.91144103e-03  2 2 b a a   2 2 2 b 0   
 129    -3.91144103e-03  2 2 a b 2   b 2 a 2 0   
 130    -3.91144103e-03  2 2 b a 2   a 2 b 2 0   
 131     3.83787765e-03  2 2 2 2 b   a 0 b a 2   
 132     3.83787765e-03  2 2 2 2 a   b 0 a b 2   
 133    -3.79952376e-03  2 2 2 2 b   b 0 a a 2   
 134    -3.79952376e-03  2 2 2 2 a   a 0 b b 2   
 135     3.60767480e-03  2 2 b a 2   2 b 2 0 a   
 136     3.60767480e-03  2 2 b a 2   2 b 0 2 a   
 137     3.60767480e-03  2 2 a b 2   2 a 2 0 b   
 138     3.60767480e-03  2 2 a b 2   2 a 0 2 b   
 139    -3.39028371e-03  2 2 2 b 2   b a 2 a 0   
 140    -3.39028371e-03  2 2 2 a 2   a b 2 b 0   
 141     3.39028371e-03  2 2 2 b b   2 a a 2 0   
 142     3.39028371e-03  2 2 2 a a   2 b b 2 0   
 143     3.32187493e-03  2 2 b a b   2 2 2 a 0   
 144     3.32187493e-03  2 2 a b a   2 2 2 b 0   
 145     3.32187493e-03  2 2 b a 2   b 2 a 2 0   
 146     3.32187493e-03  2 2 a b 2   a 2 b 2 0   
 147     3.31801623e-03  2 2 b 2 2   0 a 2 0 2   
 148    -3.31801623e-03  2 2 a 2 2   0 b 2 0 2   
 149     3.31801623e-03  2 2 b 2 0   2 a 0 2 2   
 150    -3.31801623e-03  2 2 a 2 0   2 b 0 2 2   
 151     3.26787254e-03  2 2 a 2 b   0 2 2 b a   
 152     3.26787254e-03  2 2 a 2 0   b 2 b 2 a   
 153     3.26787254e-03  2 2 b 2 a   0 2 2 a b   
 154     3.26787254e-03  2 2 b 2 0   a 2 a 2 b   
 155     3.22778651e-03  2 2 2 a 2   b b 2 a 0   
 156     3.22778651e-03  2 2 2 b 2   a a 2 b 0   
 157    -3.22778651e-03  2 2 2 a b   2 b a 2 0   
 158    -3.22778651e-03  2 2 2 b a   2 a b 2 0   
 159    -3.21227586e-03  2 2 a 2 b   b b a a 2   
 160     3.21227586e-03  2 2 b 2 a   a a b b 2   
 161     2.70642000e-03  2 2 2 2 2   0 0 b a 2   
 162    -2.70642000e-03  2 2 2 2 0   2 0 b a 2   
 163    -2.70642000e-03  2 2 2 2 2   0 0 a b 2   
 164     2.70642000e-03  2 2 2 2 0   2 0 a b 2   
 165     2.70641846e-03  2 2 2 2 b   a 0 2 0 2   
 166    -2.70641846e-03  2 2 2 2 a   b 0 2 0 2   
 167    -2.70641846e-03  2 2 2 2 b   a 0 0 2 2   
 168     2.70641846e-03  2 2 2 2 a   b 0 0 2 2   
 169    -2.58666737e-03  2 2 b 2 0   0 a 2 2 2   
 170     2.58666737e-03  2 2 a 2 0   0 b 2 2 2   
 171     2.41118125e-03  2 2 b 2 0   b 2 2 a a   
 172    -2.41118125e-03  2 2 b 2 b   0 2 a 2 a   
 173     2.41118125e-03  2 2 a 2 0   a 2 2 b b   
 174    -2.41118125e-03  2 2 a 2 a   0 2 b 2 b   
 175    -2.37077188e-03  2 2 b 2 b   a a b a 2   
 176     2.37077188e-03  2 2 a 2 b   a b b a 2   
 177    -2.37077188e-03  2 2 b 2 a   b a a b 2   
 178     2.37077188e-03  2 2 a 2 a   b b a b 2   
 179     2.36687982e-03  2 2 0 2 0   0 2 2 2 2   
 180     2.35047229e-03  2 2 0 2 b   a 2 b a 2   
 181     2.35047229e-03  2 2 0 2 a   b 2 a b 2   
 182    -2.23809702e-03  2 2 b 0 2   2 a 2 2 0   
 183     2.23809702e-03  2 2 a 0 2   2 b 2 2 0   
 184    -2.20361986e-03  2 2 2 0 2   0 2 2 0 2   
 185    -2.20361986e-03  2 2 2 0 0   2 2 0 2 2   
 186    -2.16945095e-03  2 2 2 2 0   2 0 2 0 2   
 187    -2.16945095e-03  2 2 2 2 2   0 0 0 2 2   
 188    -2.09692250e-03  2 2 2 0 2   2 0 2 0 2   
 189    -2.09692250e-03  2 2 2 0 2   2 0 0 2 2   
 190    -2.04420701e-03  2 2 a b 2   b 2 2 a 0   
 191    -2.04420701e-03  2 2 b a 2   a 2 2 b 0   
 192     2.04420701e-03  2 2 a b b   2 2 a 2 0   
 193     2.04420701e-03  2 2 b a a   2 2 b 2 0   
 194    -2.01090134e-03  2 2 2 2 0   0 2 2 0 2   
 195    -2.01090134e-03  2 2 2 2 0   0 2 0 2 2   
 196    -2.00417170e-03  2 2 a b 2   2 b 2 0 a   
 197    -2.00417170e-03  2 2 a b 2   2 b 0 2 a   
 198    -2.00417170e-03  2 2 b a 2   2 a 2 0 b   
 199    -2.00417170e-03  2 2 b a 2   2 a 0 2 b   
 200    -1.99987395e-03  2 2 0 0 2   2 2 2 2 0   
 201    -1.98411310e-03  2 2 0 2 b   b 2 a a 2   
 202    -1.98411310e-03  2 2 0 2 a   a 2 b b 2   
 203    -1.95583007e-03  2 2 2 2 2   0 0 2 2 0   
 204    -1.95583007e-03  2 2 2 2 0   2 0 2 2 0   
 205     1.92748609e-03  2 2 0 2 b   a 2 2 0 2   
 206    -1.92748609e-03  2 2 0 2 a   b 2 2 0 2   
 207    -1.92748609e-03  2 2 0 2 b   a 2 0 2 2   
 208     1.92748609e-03  2 2 0 2 a   b 2 0 2 2   
 209     1.92748568e-03  2 2 0 2 2   0 2 b a 2   
 210    -1.92748568e-03  2 2 0 2 0   2 2 b a 2   
 211    -1.92748568e-03  2 2 0 2 2   0 2 a b 2   
 212     1.92748568e-03  2 2 0 2 0   2 2 a b 2   
 213     1.71927663e-03  2 2 b a 2   b 2 2 a 0   
 214     1.71927663e-03  2 2 a b 2   a 2 2 b 0   
 215    -1.71927663e-03  2 2 b a b   2 2 a 2 0   
 216    -1.71927663e-03  2 2 a b a   2 2 b 2 0   
 217     1.69933890e-03  2 2 a 2 0   b 2 2 b a   
 218    -1.69933890e-03  2 2 a 2 b   0 2 b 2 a   
 219     1.69933890e-03  2 2 b 2 0   a 2 2 a b   
 220    -1.69933890e-03  2 2 b 2 a   0 2 a 2 b   
 221     1.66744101e-03  2 2 b 2 b   b a a a 2   
 222    -1.66744101e-03  2 2 a 2 a   a b b b 2   
 223    -1.63050506e-03  2 2 b 2 b   a a 2 0 2   
 224    -1.63050506e-03  2 2 a 2 a   b b 2 0 2   
 225    -1.63050506e-03  2 2 b 2 a   b a 0 2 2   
 226    -1.63050506e-03  2 2 a 2 b   a b 0 2 2   
 227    -1.62932368e-03  2 2 b 2 2   0 a b a 2   
 228    -1.62932368e-03  2 2 a 2 0   2 b b a 2   
 229    -1.62932368e-03  2 2 b 2 0   2 a a b 2   
 230    -1.62932368e-03  2 2 a 2 2   0 b a b 2   
 231     1.61533438e-03  2 2 b 2 0   2 a b a 2   
 232     1.61533438e-03  2 2 a 2 2   0 b b a 2   
 233     1.61533438e-03  2 2 b 2 2   0 a a b 2   
 234     1.61533438e-03  2 2 a 2 0   2 b a b 2   
 235     1.61415086e-03  2 2 b 2 a   b a 2 0 2   
 236     1.61415086e-03  2 2 a 2 b   a b 2 0 2   
 237     1.61415086e-03  2 2 b 2 b   a a 0 2 2   
 238     1.61415086e-03  2 2 a 2 a   b b 0 2 2   
 239    -1.60002377e-03  2 2 b b 2   2 a 2 0 a   
 240    -1.60002377e-03  2 2 b b 2   2 a 0 2 a   
 241    -1.60002377e-03  2 2 a a 2   2 b 2 0 b   
 242    -1.60002377e-03  2 2 a a 2   2 b 0 2 b   
 243    -1.51995603e-03  2 2 0 2 0   2 2 2 0 2   
 244    -1.51995603e-03  2 2 0 2 2   0 2 0 2 2   
 245    -1.45106163e-03  2 2 0 0 2   2 2 2 0 2   
 246    -1.45106163e-03  2 2 0 0 2   2 2 0 2 2   
 247    -1.27683652e-03  2 2 2 b 2   b a a 0 2   
 248    -1.27683652e-03  2 2 2 a 2   a b b 0 2   
 249    -1.27683652e-03  2 2 2 b b   2 a 0 a 2   
 250    -1.27683652e-03  2 2 2 a a   2 b 0 b 2   
 251    -1.21184736e-03  2 2 2 0 0   2 2 2 0 2   
 252    -1.21184736e-03  2 2 2 0 2   0 2 0 2 2   
 253    -1.19807883e-03  2 2 0 2 2   0 2 2 2 0   
 254    -1.19807883e-03  2 2 0 2 0   2 2 2 2 0   
 255    -1.16228562e-03  2 2 b 0 a   2 2 2 b a   
 256    -1.16228562e-03  2 2 b 0 2   a 2 b 2 a   
 257    -1.16228562e-03  2 2 a 0 b   2 2 2 a b   
 258    -1.16228562e-03  2 2 a 0 2   b 2 a 2 b   
 259     1.13162496e-03  2 2 0 b 2   2 2 2 0 a   
 260     1.13162496e-03  2 2 0 b 2   2 2 0 2 a   
 261    -1.13162496e-03  2 2 0 a 2   2 2 2 0 b   
 262    -1.13162496e-03  2 2 0 a 2   2 2 0 2 b   
 263     1.09047704e-03  2 2 2 a 2   b b a 0 2   
 264     1.09047704e-03  2 2 2 b 2   a a b 0 2   
 265     1.09047704e-03  2 2 2 a b   2 b 0 a 2   
 266     1.09047704e-03  2 2 2 b a   2 a 0 b 2   
 267     1.01622162e-03  2 2 b 2 0   2 a 2 0 2   
 268    -1.01622162e-03  2 2 a 2 0   2 b 2 0 2   
 269     1.01622162e-03  2 2 b 2 2   0 a 0 2 2   
 270    -1.01622162e-03  2 2 a 2 2   0 b 0 2 2   
 271     9.87841931e-04  2 2 2 0 b   2 b 2 a a   
 272     9.87841931e-04  2 2 2 0 2   b b a 2 a   
 273     9.87841931e-04  2 2 2 0 a   2 a 2 b b   
 274     9.87841931e-04  2 2 2 0 2   a a b 2 b   
 275    -9.80211377e-04  2 2 2 0 a   2 b 2 b a   
 276    -9.80211377e-04  2 2 2 0 2   a b b 2 a   
 277    -9.80211377e-04  2 2 2 0 b   2 a 2 a b   
 278    -9.80211377e-04  2 2 2 0 2   b a a 2 b   
 279     9.62977543e-04  2 0 2 2 2   2 2 0 0 2   
 280     9.28242776e-04  0 2 2 2 2   2 2 0 0 2   
 281     9.06553227e-04  2 2 a 0 b   2 2 2 b a   
 282     9.06553227e-04  2 2 a 0 2   b 2 b 2 a   
 283     9.06553227e-04  2 2 b 0 a   2 2 2 a b   
 284     9.06553227e-04  2 2 b 0 2   a 2 a 2 b   
 285    -8.84764690e-04  2 b 2 a 2   2 2 2 0 0   
 286     8.84764690e-04  2 a 2 b 2   2 2 2 0 0   
 287    -8.84764690e-04  2 b 2 a 2   2 2 0 2 0   
 288     8.84764690e-04  2 a 2 b 2   2 2 0 2 0   
 289    -8.57908642e-04  2 2 0 2 2   2 0 2 0 2   
 290    -8.57908642e-04  2 2 0 2 2   2 0 0 2 2   
 291     7.79074245e-04  2 2 a 2 b   b a b a 2   
 292    -7.79074245e-04  2 2 b 2 a   a b b a 2   
 293     7.79074245e-04  2 2 a 2 b   b a a b 2   
 294    -7.79074245e-04  2 2 b 2 a   a b a b 2   
 295     7.74256155e-04  2 2 b 2 b   a b a a 2   
 296     7.74256155e-04  2 2 b 2 a   b b a a 2   
 297    -7.74256155e-04  2 2 a 2 b   a a b b 2   
 298    -7.74256155e-04  2 2 a 2 a   b a b b 2   
 299     7.69718233e-04  2 2 2 0 b   a 2 b a 2   
 300     7.69718233e-04  2 2 2 0 a   b 2 a b 2   
 301     7.48611390e-04  b 2 2 2 2   b 2 a 0 a   
 302     7.48611390e-04  b 2 2 2 b   2 2 0 a a   
 303     7.48611390e-04  a 2 2 2 2   a 2 b 0 b   
 304     7.48611390e-04  a 2 2 2 a   2 2 0 b b   
 305     7.40812831e-04  2 2 2 b b   0 a 2 a 2   
 306     7.40812831e-04  2 2 2 a a   0 b 2 b 2   
 307     7.40812831e-04  2 2 2 b 0   b a a 2 2   
 308     7.40812831e-04  2 2 2 a 0   a b b 2 2   
 309    -7.13038532e-04  2 b 2 a 2   2 2 0 0 2   
 310     7.13038532e-04  2 a 2 b 2   2 2 0 0 2   
 311    -6.73667070e-04  2 2 2 a b   0 b 2 a 2   
 312    -6.73667070e-04  2 2 2 b a   0 a 2 b 2   
 313    -6.73667070e-04  2 2 2 a 0   b b a 2 2   
 314    -6.73667070e-04  2 2 2 b 0   a a b 2 2   
 315     6.61317685e-04  2 2 2 0 b   a 2 2 0 2   
 316    -6.61317685e-04  2 2 2 0 a   b 2 2 0 2   
 317    -6.61317685e-04  2 2 2 0 b   a 2 0 2 2   
 318     6.61317685e-04  2 2 2 0 a   b 2 0 2 2   
 319     6.61316085e-04  2 2 2 0 2   0 2 b a 2   
 320    -6.61316085e-04  2 2 2 0 0   2 2 b a 2   
 321    -6.61316085e-04  2 2 2 0 2   0 2 a b 2   
 322     6.61316085e-04  2 2 2 0 0   2 2 a b 2   
 323     6.60263011e-04  2 2 2 b b   2 a a 0 2   
 324     6.60263011e-04  2 2 2 a a   2 b b 0 2   
 325    -6.60263011e-04  2 2 2 b 2   b a 0 a 2   
 326    -6.60263011e-04  2 2 2 a 2   a b 0 b 2   
 327     6.58998558e-04  2 2 2 0 0   0 2 2 2 2   
 328     6.29941144e-04  b 2 a 2 2   2 2 2 0 0   
 329    -6.29941144e-04  a 2 b 2 2   2 2 2 0 0   
 330     6.29941144e-04  b 2 a 2 2   2 2 0 2 0   
 331    -6.29941144e-04  a 2 b 2 2   2 2 0 2 0   
 332    -6.20952517e-04  2 2 b 0 2   a 2 2 b a   
 333     6.20952517e-04  2 2 b 0 a   2 2 b 2 a   
 334    -6.20952517e-04  2 2 a 0 2   b 2 2 a b   
 335     6.20952517e-04  2 2 a 0 b   2 2 a 2 b   
 336     6.08397028e-04  2 2 b b a   2 2 2 a 0   
 337     6.08397028e-04  2 2 a a b   2 2 2 b 0   
 338     6.08397028e-04  2 2 b b 2   a 2 a 2 0   
 339     6.08397028e-04  2 2 a a 2   b 2 b 2 0   
 340    -5.61049294e-04  a 2 2 2 2   b 2 b 0 a   
 341    -5.61049294e-04  a 2 2 2 b   2 2 0 b a   
 342    -5.61049294e-04  b 2 2 2 2   a 2 a 0 b   
 343    -5.61049294e-04  b 2 2 2 a   2 2 0 a b   
 344    -5.50874528e-04  2 2 2 a b   2 b a 0 2   
 345    -5.50874528e-04  2 2 2 b a   2 a b 0 2   
 346     5.50874528e-04  2 2 2 a 2   b b 0 a 2   
 347     5.50874528e-04  2 2 2 b 2   a a 0 b 2   
 348    -5.35757455e-04  2 2 2 0 b   b 2 a a 2   
 349    -5.35757455e-04  2 2 2 0 a   a 2 b b 2   
 350     5.13261962e-04  2 2 2 0 2   b b 2 a a   
 351    -5.13261962e-04  2 2 2 0 b   2 b a 2 a   
 352     5.13261962e-04  2 2 2 0 2   a a 2 b b   
 353    -5.13261962e-04  2 2 2 0 a   2 a b 2 b   
 354    -5.11882537e-04  2 2 a b 2   b 2 a 0 2   
 355    -5.11882537e-04  2 2 b a 2   a 2 b 0 2   
 356    -5.11882537e-04  2 2 a b b   2 2 0 a 2   
 357    -5.11882537e-04  2 2 b a a   2 2 0 b 2   
 358    -5.10835202e-04  2 2 2 b 0   0 2 2 2 a   
 359     5.10835202e-04  2 2 2 a 0   0 2 2 2 b   
 360    -5.02321921e-04  2 2 2 0 2   a b 2 b a   
 361     5.02321921e-04  2 2 2 0 a   2 b b 2 a   
 362    -5.02321921e-04  2 2 2 0 2   b a 2 a b   
 363     5.02321921e-04  2 2 2 0 b   2 a a 2 b   
 364     4.34832742e-04  b 2 a 2 2   2 2 0 0 2   
 365    -4.34832742e-04  a 2 b 2 2   2 2 0 0 2   
 366    -4.33294582e-04  2 2 0 2 2   2 0 2 2 0   
 367     4.07565733e-04  2 2 b 0 2   2 a 2 0 2   
 368    -4.07565733e-04  2 2 a 0 2   2 b 2 0 2   
 369     4.07565733e-04  2 2 b 0 2   2 a 0 2 2   
 370    -4.07565733e-04  2 2 a 0 2   2 b 0 2 2   
 371    -4.05513604e-04  2 2 b 2 2   0 a 2 2 0   
 372    -4.05513604e-04  2 2 b 2 0   2 a 2 2 0   
 373     4.05513604e-04  2 2 a 2 2   0 b 2 2 0   
 374     4.05513604e-04  2 2 a 2 0   2 b 2 2 0   
 375    -3.87500724e-04  b 2 2 2 b   2 2 a 0 a   
 376     3.87500724e-04  b 2 2 2 2   b 2 0 a a   
 377    -3.87500724e-04  a 2 2 2 a   2 2 b 0 b   
 378     3.87500724e-04  a 2 2 2 2   a 2 0 b b   
 379    -3.67300931e-04  2 2 0 2 a   b 2 b a 2   
 380    -3.67300931e-04  2 2 0 2 b   a 2 a b 2   
 381    -3.51838304e-04  2 2 2 b a   a 2 b b a   
 382     3.51838304e-04  2 2 2 a b   b 2 a a b   
 383     3.39549299e-04  b 2 2 2 2   2 a 2 0 0   
 384    -3.39549299e-04  a 2 2 2 2   2 b 2 0 0   
 385     3.39549299e-04  b 2 2 2 2   2 a 0 2 0   
 386    -3.39549299e-04  a 2 2 2 2   2 b 0 2 0   
 387     3.26993273e-04  b 2 2 2 2   2 a 0 0 2   
 388    -3.26993273e-04  a 2 2 2 2   2 b 0 0 2   
 389    -3.21979321e-04  2 2 b 2 a   2 0 2 b a   
 390    -3.21979321e-04  2 2 b 2 2   a 0 b 2 a   
 391    -3.21979321e-04  2 2 a 2 b   2 0 2 a b   
 392    -3.21979321e-04  2 2 a 2 2   b 0 a 2 b   
 393     3.15274080e-04  2 2 b a 2   b 2 a 0 2   
 394     3.15274080e-04  2 2 a b 2   a 2 b 0 2   
 395     3.15274080e-04  2 2 b a b   2 2 0 a 2   
 396     3.15274080e-04  2 2 a b a   2 2 0 b 2   
 397     3.12930816e-04  2 0 2 2 2   2 2 2 0 0   
 398     3.12930816e-04  2 0 2 2 2   2 2 0 2 0   
 399     3.11145896e-04  2 2 b b 2   a 2 2 a 0   
 400     3.11145896e-04  2 2 a a 2   b 2 2 b 0   
 401    -3.11145896e-04  2 2 b b a   2 2 a 2 0   
 402    -3.11145896e-04  2 2 a a b   2 2 b 2 0   
 403     2.90254697e-04  a 2 2 2 b   2 2 b 0 a   
 404    -2.90254697e-04  a 2 2 2 2   b 2 0 b a   
 405     2.90254697e-04  b 2 2 2 a   2 2 a 0 b   
 406    -2.90254697e-04  b 2 2 2 2   a 2 0 a b   
 407     2.88934958e-04  0 2 2 2 2   2 2 2 0 0   
 408     2.88934958e-04  0 2 2 2 2   2 2 0 2 0   
 409     2.70951557e-04  2 2 b 0 b   2 2 2 a a   
 410     2.70951557e-04  2 2 b 0 2   b 2 a 2 a   
 411     2.70951557e-04  2 2 a 0 a   2 2 2 b b   
 412     2.70951557e-04  2 2 a 0 2   a 2 b 2 b   
 413     2.50361151e-04  2 2 2 b a   2 b 2 a 0   
 414     2.50361151e-04  2 2 2 a b   2 a 2 b 0   
 415     2.50361151e-04  2 2 2 b 2   a b a 2 0   
 416     2.50361151e-04  2 2 2 a 2   b a b 2 0   
 417    -2.29097262e-04  2 2 0 2 a   2 b 2 b a   
 418    -2.29097262e-04  2 2 0 2 2   a b b 2 a   
 419    -2.29097262e-04  2 2 0 2 b   2 a 2 a b   
 420    -2.29097262e-04  2 2 0 2 2   b a a 2 b   
 421    -2.25830845e-04  b 2 2 2 b   0 2 2 a a   
 422    -2.25830845e-04  b 2 2 2 0   b 2 a 2 a   
 423    -2.25830845e-04  a 2 2 2 a   0 2 2 b b   
 424    -2.25830845e-04  a 2 2 2 0   a 2 b 2 b   
 425    -2.06301354e-04  2 2 2 a b   b 2 b a a   
 426    -2.06301354e-04  2 2 2 a b   b 2 a b a   
 427     2.06301354e-04  2 2 2 b a   a 2 b a b   
 428     2.06301354e-04  2 2 2 b a   a 2 a b b   
 429     2.02942766e-04  2 2 2 2 2   b a b 0 a   
 430     2.02942766e-04  2 2 2 2 b   2 a 0 b a   
 431     2.02942766e-04  2 2 2 2 2   a b a 0 b   
 432     2.02942766e-04  2 2 2 2 a   2 b 0 a b   
 433     1.94362355e-04  2 2 2 a b   a 2 b b a   
 434     1.94362355e-04  2 2 2 a a   b 2 b b a   
 435    -1.94362355e-04  2 2 2 b b   a 2 a a b   
 436    -1.94362355e-04  2 2 2 b a   b 2 a a b   
 437     1.93985289e-04  2 2 b b 2   a 2 a 0 2   
 438     1.93985289e-04  2 2 a a 2   b 2 b 0 2   
 439     1.93985289e-04  2 2 b b a   2 2 0 a 2   
 440     1.93985289e-04  2 2 a a b   2 2 0 b 2   
 441    -1.86010283e-04  b 2 2 2 2   a 2 b 0 a   
 442    -1.86010283e-04  b 2 2 2 a   2 2 0 b a   
 443    -1.86010283e-04  a 2 2 2 2   b 2 a 0 b   
 444    -1.86010283e-04  a 2 2 2 b   2 2 0 a b   
 445     1.80038364e-04  2 2 2 b 2   a b a 0 2   
 446     1.80038364e-04  2 2 2 a 2   b a b 0 2   
 447     1.80038364e-04  2 2 2 b a   2 b 0 a 2   
 448     1.80038364e-04  2 2 2 a b   2 a 0 b 2   
 449    -1.68567073e-04  2 2 b 2 2   a 0 2 b a   
 450     1.68567073e-04  2 2 b 2 a   2 0 b 2 a   
 451    -1.68567073e-04  2 2 a 2 2   b 0 2 a b   
 452     1.68567073e-04  2 2 a 2 b   2 0 a 2 b   
 453    -1.61700934e-04  2 2 b a b   2 2 a 0 2   
 454    -1.61700934e-04  2 2 a b a   2 2 b 0 2   
 455     1.61700934e-04  2 2 b a 2   b 2 0 a 2   
 456     1.61700934e-04  2 2 a b 2   a 2 0 b 2   
 457     1.56714801e-04  2 2 2 b b   a 2 b a a   
 458     1.56714801e-04  2 2 2 b a   b 2 a b a   
 459    -1.56714801e-04  2 2 2 a b   a 2 b a b   
 460    -1.56714801e-04  2 2 2 a a   b 2 a b b   
 461     1.44977669e-04  2 2 2 b b   a 2 2 0 a   
 462     1.44977669e-04  2 2 2 b a   b 2 0 2 a   
 463     1.44977669e-04  2 2 2 a a   b 2 2 0 b   
 464     1.44977669e-04  2 2 2 a b   a 2 0 2 b   
 465     1.42187057e-04  2 b 2 a 2   0 2 2 2 0   
 466    -1.42187057e-04  2 a 2 b 2   0 2 2 2 0   
 467     1.42187057e-04  2 b 2 a 0   2 2 2 2 0   
 468    -1.42187057e-04  2 a 2 b 0   2 2 2 2 0   
 469     1.40402708e-04  2 2 2 b 2   0 2 b a a   
 470     1.40402708e-04  2 2 2 b 0   2 2 a b a   
 471     1.40402708e-04  2 2 2 a 0   2 2 b a b   
 472     1.40402708e-04  2 2 2 a 2   0 2 a b b   
 473    -1.37359067e-04  2 2 2 b 0   2 2 b a a   
 474    -1.37359067e-04  2 2 2 b 2   0 2 a b a   
 475    -1.37359067e-04  2 2 2 a 2   0 2 b a b   
 476    -1.37359067e-04  2 2 2 a 0   2 2 a b b   
 477    -1.32781992e-04  2 2 2 b a   b 2 2 0 a   
 478    -1.32781992e-04  2 2 2 b b   a 2 0 2 a   
 479    -1.32781992e-04  2 2 2 a b   a 2 2 0 b   
 480    -1.32781992e-04  2 2 2 a a   b 2 0 2 b   
 481     1.28963232e-04  2 2 b 0 2   b 2 2 a a   
 482    -1.28963232e-04  2 2 b 0 b   2 2 a 2 a   
 483     1.28963232e-04  2 2 a 0 2   a 2 2 b b   
 484    -1.28963232e-04  2 2 a 0 a   2 2 b 2 b   
 485    -1.16033347e-04  2 0 2 2 2   0 2 2 0 2   
 486    -1.16033347e-04  2 0 2 2 0   2 2 0 2 2   
 487    -1.12932668e-04  0 2 2 2 2   0 2 2 0 2   
 488    -1.12932668e-04  0 2 2 2 0   2 2 0 2 2   
 489    -1.08648096e-04  2 2 2 2 b   2 a b 0 a   
 490     1.08648096e-04  2 2 2 2 2   b a 0 b a   
 491    -1.08648096e-04  2 2 2 2 a   2 b a 0 b   
 492     1.08648096e-04  2 2 2 2 2   a b 0 a b   
 493     9.91278796e-05  2 2 2 b 0   2 2 2 0 a   
 494     9.91278796e-05  2 2 2 b 2   0 2 0 2 a   
 495    -9.91278796e-05  2 2 2 a 0   2 2 2 0 b   
 496    -9.91278796e-05  2 2 2 a 2   0 2 0 2 b   
 497     9.56899990e-05  b 2 2 2 a   2 2 b 0 a   
 498    -9.56899990e-05  b 2 2 2 2   a 2 0 b a   
 499     9.56899990e-05  a 2 2 2 b   2 2 a 0 b   
 500    -9.56899990e-05  a 2 2 2 2   b 2 0 a b   
 501    -9.45311876e-05  b 2 a 2 2   0 2 2 2 0   
 502     9.45311876e-05  a 2 b 2 2   0 2 2 2 0   
 503    -9.45311876e-05  b 2 a 2 0   2 2 2 2 0   
 504     9.45311876e-05  a 2 b 2 0   2 2 2 2 0   
 505     9.40292644e-05  b 2 2 b 2   2 a 2 0 a   
 506     9.40292644e-05  b 2 2 b 2   2 a 0 2 a   
 507     9.40292644e-05  a 2 2 a 2   2 b 2 0 b   
 508     9.40292644e-05  a 2 2 a 2   2 b 0 2 b   
 509     9.26521039e-05  2 b 2 a 2   0 2 2 0 2   
 510    -9.26521039e-05  2 a 2 b 2   0 2 2 0 2   
 511     9.26521039e-05  2 b 2 a 0   2 2 0 2 2   
 512    -9.26521039e-05  2 a 2 b 0   2 2 0 2 2   
 513     8.70021712e-05  2 2 0 2 b   2 b 2 a a   
 514     8.70021712e-05  2 2 0 2 2   b b a 2 a   
 515     8.70021712e-05  2 2 0 2 a   2 a 2 b b   
 516     8.70021712e-05  2 2 0 2 2   a a b 2 b   
 517    -8.45503650e-05  b 2 2 2 2   0 a 2 0 2   
 518     8.45503650e-05  a 2 2 2 2   0 b 2 0 2   
 519    -8.45503650e-05  b 2 2 2 0   2 a 0 2 2   
 520     8.45503650e-05  a 2 2 2 0   2 b 0 2 2   
 521    -7.31080741e-05  2 2 2 b 2   0 2 2 0 a   
 522    -7.31080741e-05  2 2 2 b 0   2 2 0 2 a   
 523     7.31080741e-05  2 2 2 a 2   0 2 2 0 b   
 524     7.31080741e-05  2 2 2 a 0   2 2 0 2 b   
 525    -6.96649557e-05  2 2 2 2 a   b 0 b a 2   
 526    -6.96649557e-05  2 2 2 2 b   a 0 a b 2   
 527     6.60419375e-05  2 2 2 b b   b 2 a a a   
 528    -6.60419375e-05  2 2 2 a a   a 2 b b b   
 529     6.04616436e-05  2 0 2 2 b   a 2 b a 2   
 530     6.04616436e-05  2 0 2 2 a   b 2 a b 2   
 531    -5.89290279e-05  2 0 2 0 2   2 2 2 0 2   
 532    -5.89290279e-05  2 0 2 0 2   2 2 0 2 2   
 533     5.89148370e-05  0 2 2 2 b   a 2 b a 2   
 534     5.89148370e-05  0 2 2 2 a   b 2 a b 2   
 535    -5.79590051e-05  0 2 2 0 2   2 2 2 0 2   
 536    -5.79590051e-05  0 2 2 0 2   2 2 0 2 2   
 537     5.77070435e-05  2 b 2 2 2   0 2 2 0 a   
 538     5.77070435e-05  2 b 2 2 0   2 2 0 2 a   
 539    -5.77070435e-05  2 a 2 2 2   0 2 2 0 b   
 540    -5.77070435e-05  2 a 2 2 0   2 2 0 2 b   
 541     5.03202735e-05  2 0 2 2 b   a 2 2 0 2   
 542    -5.03202735e-05  2 0 2 2 a   b 2 2 0 2   
 543    -5.03202735e-05  2 0 2 2 b   a 2 0 2 2   
 544     5.03202735e-05  2 0 2 2 a   b 2 0 2 2   
 545     5.03202617e-05  2 0 2 2 2   0 2 b a 2   
 546    -5.03202617e-05  2 0 2 2 0   2 2 b a 2   
 547    -5.03202617e-05  2 0 2 2 2   0 2 a b 2   
 548     5.03202617e-05  2 0 2 2 0   2 2 a b 2   
 549    -4.94171531e-05  2 0 2 2 b   b 2 a a 2   
 550    -4.94171531e-05  2 0 2 2 a   a 2 b b 2   
 551    -4.90961967e-05  b 2 2 a 2   2 b 2 0 a   
 552    -4.90961967e-05  b 2 2 a 2   2 b 0 2 a   
 553    -4.90961967e-05  a 2 2 b 2   2 a 2 0 b   
 554    -4.90961967e-05  a 2 2 b 2   2 a 0 2 b   
 555     4.90456986e-05  0 2 2 2 b   a 2 2 0 2   
 556    -4.90456986e-05  0 2 2 2 a   b 2 2 0 2   
 557    -4.90456986e-05  0 2 2 2 b   a 2 0 2 2   
 558     4.90456986e-05  0 2 2 2 a   b 2 0 2 2   
 559     4.90456859e-05  0 2 2 2 2   0 2 b a 2   
 560    -4.90456859e-05  0 2 2 2 0   2 2 b a 2   
 561    -4.90456859e-05  0 2 2 2 2   0 2 a b 2   
 562     4.90456859e-05  0 2 2 2 0   2 2 a b 2   
 563    -4.80284853e-05  0 2 2 2 b   b 2 a a 2   
 564    -4.80284853e-05  0 2 2 2 a   a 2 b b 2   
 565    -4.77638264e-05  2 0 2 2 2   0 2 2 2 0   
 566    -4.77638264e-05  2 0 2 2 0   2 2 2 2 0   
 567    -4.37177117e-05  0 2 2 2 2   0 2 2 2 0   
 568    -4.37177117e-05  0 2 2 2 0   2 2 2 2 0   
 569     4.34399791e-05  2 0 2 2 0   0 2 2 2 2   
 570    -4.33506854e-05  2 0 2 2 0   2 2 2 0 2   
 571    -4.33506854e-05  2 0 2 2 2   0 2 0 2 2   
 572     4.23131602e-05  0 2 2 2 0   0 2 2 2 2   
 573    -4.19305281e-05  0 2 2 2 0   2 2 2 0 2   
 574    -4.19305281e-05  0 2 2 2 2   0 2 0 2 2   
 575    -3.83354172e-05  2 b 2 2 0   0 2 2 2 a   
 576     3.83354172e-05  2 a 2 2 0   0 2 2 2 b   
 577    -3.74665528e-05  2 2 b 2 b   2 0 2 a a   
 578    -3.74665528e-05  2 2 b 2 2   b 0 a 2 a   
 579    -3.74665528e-05  2 2 a 2 a   2 0 2 b b   
 580    -3.74665528e-05  2 2 a 2 2   a 0 b 2 b   
 581     2.46168505e-05  2 b 2 2 b   b 2 a a a   
 582    -2.46168505e-05  2 a 2 2 a   a 2 b b b   
 583    -2.05070990e-05  2 b 2 2 b   a 2 b a a   
 584    -2.05070990e-05  2 b 2 2 a   b 2 a b a   
 585     2.05070990e-05  2 a 2 2 b   a 2 b a b   
 586     2.05070990e-05  2 a 2 2 a   b 2 a b b   
 587    -1.29087730e-05  2 2 2 b a   b 2 b a a   
 588    -1.29087730e-05  2 2 2 b b   a 2 a b a   
 589     1.29087730e-05  2 2 2 a a   b 2 b a b   
 590     1.29087730e-05  2 2 2 a b   a 2 a b b   
 591     8.72482649e-06  2 2 2 a b   b 2 2 0 a   
 592     8.72482649e-06  2 2 2 a b   b 2 0 2 a   
 593     8.72482649e-06  2 2 2 b a   a 2 2 0 b   
 594     8.72482649e-06  2 2 2 b a   a 2 0 2 b   
 595    -5.86735000e-06  2 2 2 a 2   0 2 b b a   
 596    -5.86735000e-06  2 2 2 a 0   2 2 b b a   
 597    -5.86735000e-06  2 2 2 b 2   0 2 a a b   
 598    -5.86735000e-06  2 2 2 b 0   2 2 a a b   
 599     2.67564608e-06  2 2 b 2 b   a a 2 2 0   
 600     2.67564608e-06  2 2 b 2 a   b a 2 2 0   
 601     2.67564608e-06  2 2 a 2 b   a b 2 2 0   
 602     2.67564608e-06  2 2 a 2 a   b b 2 2 0   
 603     6.99535602e-17  2 2 2 0 a   b 2 2 2 0   
 604     3.92043198e-17  2 2 2 2 a   b 0 2 2 0   
 605     3.33968659e-17  2 2 2 2 a   b 2 0 0 2   
 606     2.02975767e-17  2 2 0 2 a   b 2 2 2 0   
 607    -1.99291534e-17  2 2 2 2 2   2 0 b a 0   
 608    -1.04734459e-17  2 2 2 0 2   2 2 b a 0   
 609     8.39672482e-18  2 2 2 2 b   a 2 0 0 2   
 610     5.92890495e-18  2 2 0 2 2   2 2 a b 0   
 611     5.46260942e-18  2 2 0 2 2   2 2 b a 0   
 612     4.75375660e-18  2 2 2 0 2   2 2 a b 0   
 613    -3.79441623e-18  2 2 2 2 2   2 0 a b 0   
 614    -3.38494021e-18  2 2 2 2 b   a 0 2 2 0   
 615    -1.61142454e-18  2 2 2 2 0   0 2 a b 2   
 616     1.28775878e-18  2 2 2 2 0   0 2 b a 2   
 617    -6.37381648e-19  2 2 0 2 b   a 2 2 2 0   
 618     2.92064690e-19  2 2 2 0 b   a 2 2 2 0   
