-116.58714636
-116.59045394
-116.59194991
-116.59273412
-116.59327080
-116.59371587
-116.59412044
-116.59450079
-116.59483358
-116.59787813
-116.59884760
-116.59934082
-116.59964922
-116.59988035
-116.60005597
-116.60020168
-116.60032374
-116.60043440
-116.60052886
-116.60075328
-116.60092161
-116.60103793
-116.60113344
-116.60121189
-116.60128847
-116.60135726
-116.60140988
-116.60146122
-116.60150923
-116.60159644
-116.60166734
-116.60172802
-116.60177998
-116.60182512
-116.60186541
-116.60189808
-116.60192977
-116.60195980
-116.60198732
-116.60203092
-116.60206974
-116.60210591
-116.60214049
-116.60216580
-116.60219061
-116.60221294
-116.60223447
-116.60225529
-116.60227558
-116.60230762
-116.60233193
-116.60235611
-116.60237880
-116.60239991
-116.60241974
-116.60243861
-116.60245658
-116.60247412
-116.60249086
-116.60251358
-116.60253477
-116.60255229
-116.60256906
-116.60258486
-116.60260004
-116.60261447
-116.60262835
-116.60264159
-116.60265428
-116.60267234
-116.60268942
-116.60270544
-116.60271904
-116.60273335
-116.60274769
-116.60276024
-116.60277358
-116.60278597
-116.60279754
-116.60281117
-116.60282372
-116.60283625
-116.60284839
-116.60286022
-116.60287214
-116.60288263
-116.60289347
-116.60290274
-116.60291256
-116.60292444
-116.60293466
-116.60294555
-116.60295622
-116.60296622
-116.60297619
-116.60298581
-116.60299504
-116.60300414
-116.60301276
-116.60302339
-116.60303341
-116.60304314
-116.60305287
-116.60306193
-116.60307118
-116.60308006
-116.60308874
-116.60309697
-116.60310513
-116.60311486
-116.60312415
-116.60313197
-116.60314060
-116.60314831
-116.60315616
-116.60316469
-116.60317130
-116.60318061
-116.60318788
-116.60319599
-116.60320458
-116.60321190
-116.60321949
-116.60322750
-116.60323372
-116.60324016
-116.60324716
-116.60325371
-116.60325976
-116.60326757
-116.60327549
-116.60328206
-116.60328890
-116.60329537
-116.60330159
-116.60330754
-116.60331365
-116.60331897
-116.60332479
-116.60333184
-116.60333815
-116.60334447
-116.60335100
-116.60335711
-116.60336311
-116.60336955
-116.60337539
-116.60338113
-116.60338705
-116.60339306
-116.60339942
-116.60340639
-116.60341229
-116.60341787
-116.60342363
-116.60342852
-116.60343449
-116.60343943
-116.60344432
-116.60345077
-116.60345608
-116.60346231
-116.60346825
-116.60347339
-116.60347849
-116.60348411
-116.60348941
-116.60349417
-116.60349931
-116.60350432
-116.60351008
-116.60351487
-116.60351978
-116.60352521
-116.60352981
-116.60353500
-116.60353977
-116.60354460
-116.60354901
-116.60355439
-116.60355925
-116.60356533
-116.60357020
-116.60357587
-116.60358054
-116.60358523
-116.60359077
-116.60359475
-116.60359906
-116.60360391
-116.60360817
-116.60361357
-116.60361816
-116.60362252
-116.60362705
-116.60363178
-116.60363616
-116.60364058
-116.60364436
-116.60364868
-116.60365341
-116.60365785
-116.60366232
-116.60366678
-116.60367103
-116.60367548
-116.60367980
-116.60368389
-116.60368818
-116.60369223
-116.60369642
-116.60370065
-116.60370445
-116.60370879
-116.60371268
-116.60371695
-116.60372084
-116.60372480
-116.60372865
-116.60373276
-116.60373697
-116.60374186
-116.60374572
-116.60375087
-116.60375440
-116.60375820
-116.60376258
-116.60376651
-116.60377078
-116.60377523
-116.60377916
-116.60378315
-116.60378707
-116.60379065
-116.60379437
-116.60379809
-116.60380178
-116.60380520
-116.60380891
-116.60381326
-116.60381702
-116.60382087
-116.60382506
-116.60382856
-116.60383192
-116.60383583
-116.60383940
-116.60384269
-116.60384627
-116.60384990
-116.60385358
-116.60385696
-116.60386086
-116.60386421
-116.60386830
-116.60387157
-116.60387531
-116.60387881
-116.60388200
-116.60388565
-116.60388895
-116.60389220
-116.60389565
-116.60389883
-116.60390214
-116.60390543
-116.60390851
-116.60391176
-116.60391490
-116.60391806
-116.60392110
-116.60392459
-116.60392789
-116.60393188
-116.60393463
-116.60393820
-116.60394121
-116.60394412
-116.60394751
-116.60395079
-116.60395415
-116.60395705
-116.60396024
-116.60396359
-116.60396624
-116.60396921
-116.60397227
-116.60397491
-116.60397793
-116.60398121
-116.60398453
-116.60398785
-116.60399059
-116.60399344
-116.60399649
-116.60399937
-116.60400203
-116.60400457
-116.60400726
-116.60401035
-116.60401361
-116.60401660
-116.60401979
-116.60402271
-116.60402591
-116.60402884
-116.60403154
-116.60403438
-116.60403732
-116.60403997
-116.60404336
-116.60404597
-116.60404896
-116.60405197
-116.60405464
-116.60405757
-116.60406022
-116.60406283
-116.60406578
-116.60406852
-116.60407156
-116.60407425
-116.60407721
-116.60407995
-116.60408266
-116.60408558
-116.60408813
-116.60409102
-116.60409369
-116.60409633
-116.60409917
-116.60410172
-116.60410455
-116.60410724
-116.60410990
-116.60411259
-116.60411510
-116.60411782
-116.60412029
-116.60412319
-116.60412563
