-115.52458286
-115.58694212
-115.68257134
-115.77277516
-115.85678540
-116.06450925
-116.57476228
-116.58738578
-116.58781579
-116.59103633
-116.59243903
-116.59342522
-116.59410811
-116.59469030
-116.59520016
-116.59562232
-116.59594478
-116.59624536
-116.59649543
-116.59730922
-116.59777774
-116.59811787
-116.59840230
-116.59864021
-116.59885252
-116.59901879
-116.59916854
-116.59931864
-116.59943369
-116.59967093
-116.59982824
-116.59995891
-116.60007102
-116.60016697
-116.60025255
-116.60032886
-116.60039420
-116.60045618
-116.60051379
-116.60062109
-116.60070848
-116.60078800
-116.60084799
-116.60090503
-116.60095903
-116.60100919
-116.60105568
-116.60110032
-116.60114215
-116.60119636
-116.60124555
-116.60128964
-116.60133092
-116.60136849
-116.60140341
-116.60143657
-116.60146870
-116.60149881
-116.60152740
-116.60156656
-116.60160344
-116.60163806
-116.60166948
-116.60169943
-116.60172775
-116.60175466
-116.60177985
-116.60180065
-116.60182088
-116.60184878
-116.60187575
-116.60190105
-116.60192476
-116.60194793
-116.60197051
-116.60199180
-116.60201208
-116.60203165
-116.60204798
-116.60207030
-116.60209095
-116.60211103
-116.60213028
-116.60214934
-116.60216797
-116.60218628
-116.60220426
-116.60221908
-116.60223374
-116.60225372
-116.60227323
-116.60229277
-116.60230816
-116.60232357
-116.60233836
-116.60235307
-116.60236729
-116.60238220
-116.60239659
-116.60241345
-116.60243004
-116.60244602
-116.60246221
-116.60247815
-116.60249317
-116.60250553
-116.60251840
-116.60253139
-116.60254354
-116.60255840
-116.60257291
-116.60258777
-116.60260170
-116.60261603
-116.60262990
-116.60264343
-116.60265671
-116.60266835
-116.60267968
-116.60269319
-116.60270632
-116.60271940
-116.60273213
-116.60274501
-116.60275803
-116.60277065
-116.60278314
-116.60279585
-116.60280795
-116.60282033
-116.60283260
-116.60284477
-116.60285644
-116.60286829
-116.60287975
-116.60289135
-116.60290283
-116.60291447
-116.60292595
-116.60293945
-116.60295055
-116.60296126
-116.60297214
-116.60298308
-116.60299360
-116.60300416
-116.60301452
-116.60302467
-116.60303475
-116.60304665
-116.60305850
-116.60306826
-116.60307783
-116.60308730
-116.60309698
-116.60310630
-116.60311559
-116.60312467
-116.60313368
-116.60314433
-116.60315451
-116.60316488
-116.60317478
-116.60318299
-116.60319105
-116.60319916
-116.60320701
-116.60321504
-116.60322250
-116.60323181
-116.60324089
-116.60324983
-116.60325856
-116.60326715
-116.60327552
-116.60328366
-116.60329187
-116.60329863
-116.60330528
-116.60331325
-116.60332089
-116.60332841
-116.60333590
-116.60334313
-116.60335041
-116.60335765
-116.60336476
-116.60337177
-116.60337863
-116.60338558
-116.60339239
-116.60339905
-116.60340562
-116.60341219
-116.60341865
-116.60342500
-116.60343126
-116.60343749
-116.60344362
-116.60344973
-116.60345552
-116.60346131
-116.60346708
-116.60347285
-116.60347849
-116.60348405
-116.60348969
-116.60349527
-116.60350076
-116.60350726
-116.60351361
-116.60351983
-116.60352609
-116.60353206
-116.60353815
-116.60354321
-116.60354823
-116.60355322
-116.60355818
-116.60356403
-116.60356978
-116.60357547
-116.60358112
-116.60358679
-116.60359229
-116.60359781
-116.60360316
-116.60360848
-116.60361387
-116.60361911
-116.60362442
-116.60362956
-116.60363465
-116.60363981
-116.60364483
-116.60364966
-116.60365451
-116.60365951
-116.60366435
-116.60366914
-116.60367400
-116.60367876
-116.60368350
-116.60368817
-116.60369273
-116.60369736
-116.60370180
-116.60370621
-116.60371068
-116.60371502
-116.60371930
-116.60372360
-116.60372789
-116.60373215
-116.60373638
-116.60374052
-116.60374461
-116.60374872
-116.60375284
-116.60375773
-116.60376180
-116.60376580
-116.60376977
-116.60377371
-116.60377757
-116.60378144
-116.60378529
-116.60378915
-116.60379294
-116.60379734
-116.60380189
-116.60380629
-116.60381073
-116.60381502
-116.60381856
-116.60382219
-116.60382576
-116.60382936
-116.60383287
-116.60383697
-116.60384113
-116.60384530
-116.60384940
-116.60385350
-116.60385752
-116.60386149
-116.60386541
-116.60386933
-116.60387268
-116.60387655
-116.60388049
-116.60388426
-116.60388800
-116.60389180
-116.60389552
-116.60389927
-116.60390296
-116.60390662
-116.60391028
-116.60391391
-116.60391747
-116.60392098
-116.60392450
-116.60392799
-116.60393145
-116.60393489
-116.60393836
-116.60394178
-116.60394529
-116.60394866
-116.60395199
-116.60395537
-116.60395873
-116.60396202
-116.60396527
-116.60396844
-116.60397174
-116.60397497
-116.60397824
-116.60398138
-116.60398462
-116.60398774
-116.60399088
-116.60399406
-116.60399719
-116.60400029
-116.60400337
-116.60400643
-116.60400944
-116.60401249
-116.60401552
-116.60401850
-116.60402146
-116.60402450
-116.60402743
-116.60403037
-116.60403333
-116.60403628
-116.60403918
-116.60404210
-116.60404502
-116.60404794
-116.60405082
-116.60405370
-116.60405660
-116.60405937
-116.60406221
-116.60406499
-116.60406777
-116.60407104
-116.60407384
-116.60407704
-116.60407990
-116.60408289
-116.60408605
-116.60408883
-116.60409254
-116.60409501
-116.60409782
-116.60410110
-116.60410389
-116.60410676
-116.60410964
-116.60411240
-116.60411546
-116.60411823
-116.60412100
-116.60412388
-116.60412653
-116.60412940
-116.60413234
-116.60413540
-116.60413823
-116.60414106
-116.60414357
-116.60414643
-116.60414919
-116.60415162
-116.60415400
-116.60415718
-116.60416000
-116.60416289
-116.60416536
-116.60416818
-116.60417110
-116.60417398
-116.60417678
-116.60417925
-116.60418157
-116.60418442
-116.60418727
-116.60419000
-116.60419291
-116.60419569
-116.60419847
-116.60420088
-116.60420355
-116.60420597
-116.60420828
-116.60421105
-116.60421384
-116.60421646
-116.60421930
-116.60422191
-116.60422468
-116.60422736
-116.60423007
