0    -5.275479891931543
1    -5.330877916062363
2    -5.336439455396992
3    -5.339006217495196
4    -5.339711786412399
5    -5.33983925879178
6    -5.340012710724251
7    -5.340057069308224
8    -5.340151615154493
9    -5.340235745515431
10   -5.3403788768864136
11   -5.34047032611133
12   -5.34050813728271
13   -5.340615171036588
14   -5.3406544389115735
15   -5.340733712139867
16   -5.340774875659157
17   -5.340811698063882
18   -5.3408193480748585
19   -5.340831528052161
20   -5.340847129988548
21   -5.340861952735362
22   -5.340881866920028
23   -5.340923735940304
24   -5.340977115662843
25   -5.341077179286434
26   -5.341296698273478
27   -5.341492089920388
28   -5.341814662070941
29   -5.34245116353673
30   -5.343110282944422
31   -5.343584758166536
32   -5.343809770352157
33   -5.344087951453745
34   -5.344286408116237
35   -5.344474702636332
36   -5.344731318261692
37   -5.344992261157288
38   -5.345470004117568
39   -5.346280296462543
40   -5.34736456909442
41   -5.34851506302464
42   -5.350153237870679
43   -5.350827202663569
44   -5.352630904244413
45   -5.3535933712306365
46   -5.355340881742252
47   -5.355925120586968
48   -5.356639426082985
49   -5.357236042261655
50   -5.357694090153143
51   -5.358167811646614
52   -5.358893158630471
53   -5.359113738057075
54   -5.359566998830737
55   -5.360039876771126
56   -5.360374451983782
57   -5.361040910940866
58   -5.361361984887337
59   -5.361876084847041
60   -5.3620778462865
61   -5.362262095648007
62   -5.362432276737412
63   -5.362629605045324
64   -5.362629605045331