8
  0     0     0     0            2
  0     1     0     1    3.9945991
  0     1     1     0   -1.9972996
  0     2     0     2    3.6625312
  0     2     0     5    0.2920537
  0     2     2     0   -1.8312656
  0     2     5     0   -0.14602685
  0     3     0     3    3.4710182
  0     3     3     0   -1.7355091
  0     4     0     4   0.51830781
  0     4     4     0   -0.25915391
  0     5     0     2    0.2920537
  0     5     0     5   0.34953129
  0     5     2     0   -0.14602685
  0     5     5     0   -0.17476564
  0     7     0     7   0.0040123354
  0     7     7     0   -0.0020061677
  1     0     0     1   -1.9972996
  1     0     1     0    3.9945991
  1     1     1     1    1.9954395
  1     1     2     2   0.0094200616
  1     1     3     3   -0.0082490654
  1     1     4     4   -0.03289781
  1     1     7     7   -0.01509297
  1     2     1     2    3.6571303
  1     2     1     5    0.2920537
  1     2     2     1   -1.8285652
  1     2     5     1   -0.14602685
  1     3     1     3    3.4674774
  1     3     2     7   -0.0040918107
  1     3     3     1   -1.7335353
  1     3     5     7   0.033656061
  1     3     7     2   0.0092020628
  1     3     7     5   -0.075689031
  1     4     1     4   0.51691926
  1     4     4     1   -0.25845963
  1     5     1     2    0.2920537
  1     5     1     5   0.34767125
  1     5     2     1   -0.14602685
  1     5     3     7   -0.012637641
  1     5     5     1   -0.17403899
  1     5     7     3   0.02275668
  1     7     1     7   0.001860035
  1     7     7     1   0.0018150192
  2     0     0     2   -1.8312656
  2     0     0     5   -0.14602685
  2     0     2     0    3.6625312
  2     0     5     0    0.2920537
  2     1     1     2   -1.8285652
  2     1     1     5   -0.14602685
  2     1     2     1    3.6571303
  2     1     5     1    0.2920537
  2     2     1     1   0.0094200616
  2     2     2     2    1.7933986
  2     2     2     5   0.15140031
  2     2     3     3   -0.11498178
  2     2     4     4   -0.46620735
  2     2     5     2   0.15140031
  2     2     5     5   0.027605693
  2     3     2     3    3.1691677
  2     3     3     2   -1.5845839
  2     3     3     5   -0.19079695
  2     3     5     3    0.3815939
  2     4     2     4   0.22706318
  2     4     4     2   -0.11353159
  2     4     4     5   0.044770103
  2     4     5     4   -0.089540207
  2     5     2     2   0.15140031
  2     5     2     5   0.30555581
  2     5     3     3   0.09867672
  2     5     4     4   -0.098502924
  2     5     5     2   -0.095977464
  2     5     5     5   -0.0053734578
  2     7     1     3   -0.0040918107
  2     7     2     7   0.0040123354
  2     7     3     1   0.0092020628
  2     7     7     2   -0.0020061677
  3     0     0     3   -1.7355091
  3     0     3     0    3.4710182
  3     1     1     3   -1.7335353
  3     1     2     7   0.0092020628
  3     1     3     1    3.4674774
  3     1     5     7   -0.075689031
  3     1     7     2   -0.0040918107
  3     1     7     5   0.033656061
  3     2     2     3   -1.5845839
  3     2     3     2    3.1691677
  3     2     3     5    0.3815939
  3     2     5     3   -0.19079695
  3     3     1     1   -0.0082490654
  3     3     2     2   -0.11498178
  3     3     2     5   0.09867672
  3     3     3     3    1.7336491
  3     3     4     4   0.35437141
  3     3     5     2   0.09867672
  3     3     5     5   -0.47311638
  3     4     3     4   0.25701491
  3     4     4     3   -0.12850745
  3     5     2     3   -0.19079695
  3     5     3     2    0.3815939
  3     5     3     5    0.0480842
  3     5     5     3   -0.021297063
  3     7     1     5   -0.012637641
  3     7     3     7   0.0021523003
  3     7     5     1   0.02275668
  3     7     7     3   -0.0012795191
  4     0     0     4   -0.25915391
  4     0     4     0   0.51830781
  4     1     1     4   -0.25845963
  4     1     4     1   0.51691926
  4     2     2     4   -0.11353159
  4     2     4     2   0.22706318
  4     2     4     5   -0.089540207
  4     2     5     4   0.044770103
  4     3     3     4   -0.12850745
  4     3     4     3   0.25701491
  4     4     1     1   -0.03289781
  4     4     2     2   -0.46620735
  4     4     2     5   -0.098502924
  4     4     3     3   0.35437141
  4     4     4     4   0.25915391
  4     4     5     2   -0.098502924
  4     4     5     5   -0.11674477
  4     4     7     7   0.0003185221
  4     5     2     4   0.044770103
  4     5     4     2   -0.089540207
  4     5     4     5   0.035618273
  4     5     5     4   -0.017809136
  5     0     0     2   -0.14602685
  5     0     0     5   -0.17476564
  5     0     2     0    0.2920537
  5     0     5     0   0.34953129
  5     1     1     2   -0.14602685
  5     1     1     5   -0.17403899
  5     1     2     1    0.2920537
  5     1     3     7   0.02275668
  5     1     5     1   0.34767125
  5     1     7     3   -0.012637641
  5     2     2     2   0.15140031
  5     2     2     5   -0.095977464
  5     2     3     3   0.09867672
  5     2     4     4   -0.098502924
  5     2     5     2   0.30555581
  5     2     5     5   -0.0053734578
  5     3     2     3    0.3815939
  5     3     3     2   -0.19079695
  5     3     3     5   -0.021297063
  5     3     5     3    0.0480842
  5     4     2     4   -0.089540207
  5     4     4     2   0.044770103
  5     4     4     5   -0.017809136
  5     4     5     4   0.035618273
  5     5     2     2   0.027605693
  5     5     2     5   -0.0053734578
  5     5     3     3   -0.47311638
  5     5     4     4   -0.11674477
  5     5     5     2   -0.0053734578
  5     5     5     5   0.13503865
  5     7     1     3   0.033656061
  5     7     3     1   -0.075689031
  5     7     5     7   0.001860035
  5     7     7     5   -0.00072664858
  7     0     0     7   -0.0020061677
  7     0     7     0   0.0040123354
  7     1     1     7   0.0018150192
  7     1     7     1   0.001860035
  7     2     1     3   0.0092020628
  7     2     2     7   -0.0020061677
  7     2     3     1   -0.0040918107
  7     2     7     2   0.0040123354
  7     3     1     5   0.02275668
  7     3     3     7   -0.0012795191
  7     3     5     1   -0.012637641
  7     3     7     3   0.0021523003
  7     5     1     3   -0.075689031
  7     5     3     1   0.033656061
  7     5     5     7   -0.00072664858
  7     5     7     5   0.001860035
  7     7     1     1   -0.01509297
  7     7     4     4   0.0003185221
  7     7     7     7   0.00014613266
