   0     8.82848271e-01  2 2 2 2 0   0 0 0 
   1    -2.56889460e-01  2 2 2 0 0   2 0 0 
   2    -2.52797525e-01  2 2 0 2 2   0 0 0 
   3     2.21372579e-01  2 2 2 0 2   0 0 0 
   4    -1.07334248e-01  2 2 b 2 0   a 0 0 
   5     1.07334248e-01  2 2 a 2 0   b 0 0 
   6     8.60978476e-02  2 2 b 0 2   a 0 0 
   7    -8.60978476e-02  2 2 a 0 2   b 0 0 
   8     3.86229061e-02  2 2 0 0 2   2 0 0 
   9     2.38053192e-02  2 b 2 a 0   b 0 a 
  10     2.38053192e-02  2 a 2 b 0   a 0 b 
  11    -1.90610675e-02  2 b 2 b 0   a 0 a 
  12    -1.90610675e-02  2 a 2 a 0   b 0 b 
  13    -1.86316333e-02  2 0 2 2 2   0 0 0 
  14    -8.54788445e-03  2 0 2 2 0   0 0 2 
  15     5.94982658e-03  2 2 0 2 0   2 0 0 

