12
  0     0     0     0    1.9999995
  0     0     1     1   3.33062e-05
  0     0     2     2   1.1145746e-06
  0     0     5     5   -0.00052806857
  0     0     6     6   1.9416792e-06
  0     1     0     1    3.9755144
  0     1     0     8   -0.16725087
  0     1     1     0   -1.9877572
  0     1     8     0   0.083625434
  0     2     0     2    3.6007003
  0     2     0     9   -1.1895982
  0     2     2     0   -1.8003501
  0     2     9     0   0.59479908
  0     3     0     3    2.3247276
  0     3     0    10   0.81674108
  0     3     3     0   -1.1623638
  0     3    10     0   -0.40837054
  0     4     0     4    3.9999978
  0     4     4     0   -1.9999989
  0     5     0     5   0.012803318
  0     5     5     0   -0.006401659
  0     6     0     6    3.2784622
  0     6     0    11   -1.5334475
  0     6     6     0   -1.6392311
  0     6    11     0   0.76672375
  0     7     0     7    1.3843046
  0     7     7     0   -0.6921523
  0     8     0     1   -0.16725087
  0     8     0     8   0.010318335
  0     8     1     0   0.083625434
  0     8     8     0   -0.0051591677
  0     9     0     2   -1.1895982
  0     9     0     9   0.39999705
  0     9     2     0   0.59479908
  0     9     9     0   -0.19999853
  0    10     0     3   0.81674108
  0    10     0    10   0.29172272
  0    10     3     0   -0.40837054
  0    10    10     0   -0.14586136
  0    11     0     6   -1.5334475
  0    11     0    11   0.72144656
  0    11     6     0   0.76672375
  0    11    11     0   -0.36072328
  1     0     0     1   -1.9877572
  1     0     0     8   0.083625434
  1     0     1     0    3.9755144
  1     0     8     0   -0.16725087
  1     1     0     0   3.33062e-05
  1     1     1     1    1.9804835
  1     1     1     8   -0.083903672
  1     1     2     2   -0.001475025
  1     1     2     9   -0.0048801817
  1     1     3     3   -0.0017676411
  1     1     3    10   0.0049286676
  1     1     4     4   3.5678669e-05
  1     1     5     5   -0.069688308
  1     1     6     6   0.00021922046
  1     1     6    11   -5.2704526e-05
  1     1     7     7   -1.0985003e-06
  1     1     8     1   -0.083903672
  1     1     8     8   -0.0060158574
  1     1     9     2   -0.0048801817
  1     1     9     9   -0.014186433
  1     1    10     3   0.0049286676
  1     1    10    10   -0.013670673
  1     1    11     6   -5.2704526e-05
  1     2     1     2     3.576953
  1     2     1     9    -1.187526
  1     2     2     1    -1.788225
  1     2     2     8   0.083625434
  1     2     5     6   0.0038800202
  1     2     5    11   0.0080767607
  1     2     6     5   -0.001564816
  1     2     8     2   -0.16012906
  1     2     8     9   0.020958225
  1     2     9     1   0.59440864
  1     2    11     5   -0.0032383601
  1     3     1     3    2.3116555
  1     3     1    10   0.81610883
  1     3     3     1   -1.1550614
  1     3     3     8   0.040775353
  1     3     5     7   -0.060012195
  1     3     7     5    0.0179692
  1     3     8     3   -0.077662338
  1     3     8    10   -0.010785007
  1     3    10     1   -0.40816957
  1     4     1     4    3.9755142
  1     4     4     1   -1.9877571
  1     4     4     8   0.083625434
  1     4     8     4   -0.16725087
  1     5     1     5   0.0022276424
  1     5     2     6   4.5924446e-05
  1     5     2    11   -7.2230258e-06
  1     5     5     1   0.0015699918
  1     5     6     2   5.1610421e-05
  1     5     6     9   -7.4123281e-05
  1     5     9     6   -1.0298747e-05
  1     5     9    11   -1.4082702e-06
  1     5    11     2   -1.1812858e-05
  1     5    11     9   1.3466917e-06
  1     6     1     6    3.2560837
  1     6     1    11    -1.528029
  1     6     2     5   0.00044133749
  1     6     5     2   -0.0019033857
  1     6     5     9   -0.0051324922
  1     6     6     1   -1.6280925
  1     6     6     8   0.073689086
  1     6     8     6   -0.1487307
  1     6     8    11   0.039119916
  1     6     9     5   0.0010294142
  1     6    11     1   0.76393274
  1     6    11     8   -0.020991482
  1     7     1     7    1.3731522
  1     7     3     5   -0.034211124
  1     7     5     3   0.050339274
  1     7     5    10   0.00092593724
  1     7     7     1   -0.68724434
  1     7     7     8   0.042849901
  1     7     8     7   -0.085699802
  1     7    10     5   -0.0034984698
  1     8     1     1   -0.083903672
  1     8     1     8   0.0050956256
  1     8     2     9   0.00027872382
  1     8     3    10   -0.00026800808
  1     8     5     5   0.0037449027
  1     8     6     6   -4.5875189e-05
  1     8     6    11   1.1372137e-05
  1     8     7     7   -1.4307446e-06
  1     8     8     1   0.0043743438
  1     8     8     8   0.00027823871
  1     8     9     9   0.00065603564
  1     8    10    10   0.00063228825
  1     8    11     6   1.3968116e-05
  1     9     1     2    -1.187526
  1     9     1     9   0.39854408
  1     9     2     1   0.59440864
  1     9     2     8   -0.028158897
  1     9     5     6   -0.00069754525
  1     9     5    11   -0.0028803731
  1     9     6     5   0.0001074766
  1     9     8     2   0.054174286
  1     9     8     9   -0.0071218031
  1     9     9     1   -0.19952406
  1     9    11     5   0.0011931363
  1    10     1     3   0.81610883
  1    10     1    10   0.29078033
  1    10     3     1   -0.40816957
  1    10     3     8   0.014621878
  1    10     5     7   -0.020920734
  1    10     7     5   0.0060805336
  1    10     8     3   -0.027974999
  1    10     8    10   -0.0038883674
  1    10    10     1   -0.14548826
  1    11     1     6    -1.528029
  1    11     1    11    0.7193304
  1    11     2     5   0.00020611624
  1    11     5     2   0.00019100939
  1    11     5     9   0.0024527841
  1    11     6     1   0.76393274
  1    11     6     8   -0.034908397
  1    11     8     6   0.070363559
  1    11     8    11   -0.018519805
  1    11     9     5   -0.00050203785
  1    11    11     1   -0.35961399
  1    11    11     8   0.009936169
  2     0     0     2   -1.8003501
  2     0     0     9   0.59479908
  2     0     2     0    3.6007003
  2     0     9     0   -1.1895982
  2     1     1     2    -1.788225
  2     1     1     9   0.59440864
  2     1     2     1     3.576953
  2     1     2     8   -0.16012906
  2     1     5     6   -0.001564816
  2     1     5    11   -0.0032383601
  2     1     6     5   0.0038800202
  2     1     8     2   0.083625434
  2     1     9     1    -1.187526
  2     1     9     8   0.020958225
  2     1    11     5   0.0080767607
  2     2     0     0   1.1145746e-06
  2     2     1     1   -0.001475025
  2     2     2     2      1.61725
  2     2     2     9   -0.5414925
  2     2     3     3   -9.8133233e-05
  2     2     4     4   1.193963e-06
  2     2     5     5   -0.0017683134
  2     2     6     6   -0.00044819612
  2     2     6    11   -0.0007989565
  2     2     7     7   0.00011944816
  2     2     9     2   -0.5414925
  2     2     9     9   0.15691231
  2     2    11     6   -0.0007989565
  2     2    11    11   -0.0017586253
  2     3     2     3    2.0869594
  2     3     2    10   0.74115312
  2     3     3     2   -1.0435439
  2     3     3     9   0.35013469
  2     3     6     7   0.0016633989
  2     3     7     6   -0.00094512618
  2     3     7    11   -0.00010753684
  2     3     9     3   -0.70045423
  2     3     9    10   -0.22124719
  2     3    10     2   -0.3704889
  2     3    10     9   0.11090454
  2     3    11     7   0.00059616824
  2     4     2     4    3.6007001
  2     4     4     2   -1.8003501
  2     4     4     9   0.59479908
  2     4     9     4   -1.1895982
  2     5     1     6   0.00044133749
  2     5     1    11   0.00020611624
  2     5     2     5   0.012550576
  2     5     5     2   -0.0062795772
  2     5     5     9   0.00039368527
  2     5     6     1   -0.0019033857
  2     5     6     8   9.9170625e-05
  2     5     8     6   -1.8036357e-06
  2     5     9     5   -0.00077682525
  2     5    11     1   0.00019100939
  2     5    11     8   -1.784429e-06
  2     6     1     5   4.5924446e-05
  2     6     2     6    2.9496713
  2     6     2    11   -1.3826694
  2     6     5     1   5.1610421e-05
  2     6     5     8   0.00073632282
  2     6     6     2   -1.4734976
  2     6     6     9   0.49128816
  2     6     7     3   -7.1331177e-05
  2     6     7    10   0.00031639986
  2     6     8     5   0.00059521542
  2     6     9     6   -0.97859681
  2     6     9    11   0.44738234
  2     6    10     7   0.000127348
  2     6    11     2    0.6925454
  2     6    11     9   -0.21912211
  2     7     2     7    1.2480766
  2     7     3     6   0.00095619262
  2     7     3    11   0.0006905696
  2     7     6     3   -0.0023028528
  2     7     6    10   0.00029672436
  2     7     7     2   -0.62404023
  2     7     7     9   0.20475883
  2     7     9     7   -0.4095252
  2     7    10     6   -0.00019764389
  2     7    10    11   -0.00083363783
  2     7    11     3   -0.0010114201
  2     7    11    10   0.001831433
  2     8     1     2   0.083625434
  2     8     1     9   -0.028158897
  2     8     2     1   -0.16012906
  2     8     2     8   0.0098229111
  2     8     5     6   6.8505113e-05
  2     8     5    11   0.00018601675
  2     8     6     5   -0.00015851433
  2     8     8     2   -0.00515864
  2     8     9     1   0.054174286
  2     8     9     8   -0.0013017897
  2     8    11     5   -0.00046564501
  2     9     1     1   -0.0048801817
  2     9     1     8   0.00027872382
  2     9     2     2   -0.5414925
  2     9     2     9   0.18385763
  2     9     3     3   3.6807924e-05
  2     9     3    10   1.1088589e-06
  2     9     5     5   0.00060751151
  2     9     6     6   -7.413975e-05
  2     9     6    11   0.00041436408
  2     9     7     7   -4.2011229e-05
  2     9     9     2   0.18194594
  2     9     9     9   -0.053310963
  2     9    11     6   0.00032187883
  2     9    11    11   0.00055366082
  2    10     2     3   0.74115312
  2    10     2    10   0.26641304
  2    10     3     2   -0.3704889
  2    10     3     9   0.12543581
  2    10     6     7   0.00026072147
  2    10     7     6   -0.00016948276
  2    10     7    11   -6.6434173e-05
  2    10     9     3   -0.25079439
  2    10     9    10   -0.079634802
  2    10    10     2   -0.13314041
  2    10    10     9   0.039913601
  2    10    11     7   0.00027274641
  2    11     1     5   -7.2230258e-06
  2    11     2     6   -1.3826694
  2    11     2    11   0.65090234
  2    11     3     7   6.4316631e-06
  2    11     5     1   -1.1812858e-05
  2    11     5     8   -0.00034546698
  2    11     6     2    0.6925454
  2    11     6     9   -0.23178308
  2    11     7     3   3.9603923e-05
  2    11     7    10   -0.00014843532
  2    11     8     5   -0.00027923841
  2    11     9     6   0.46081634
  2    11     9    11   -0.21097437
  2    11    10     7   -5.9751228e-05
  2    11    11     2   -0.32670489
  2    11    11     9   0.10350393
  3     0     0     3   -1.1623638
  3     0     0    10   -0.40837054
  3     0     3     0    2.3247276
  3     0    10     0   0.81674108
  3     1     1     3   -1.1550614
  3     1     1    10   -0.40816957
  3     1     3     1    2.3116555
  3     1     3     8   -0.077662338
  3     1     5     7    0.0179692
  3     1     7     5   -0.060012195
  3     1     8     3   0.040775353
  3     1    10     1   0.81610883
  3     1    10     8   -0.010785007
  3     2     2     3   -1.0435439
  3     2     2    10   -0.3704889
  3     2     3     2    2.0869594
  3     2     3     9   -0.70045423
  3     2     6     7   -0.00094512618
  3     2     7     6   0.0016633989
  3     2     7    11   0.00059616824
  3     2     9     3   0.35013469
  3     2     9    10   0.11090454
  3     2    10     2   0.74115312
  3     2    10     9   -0.22124719
  3     2    11     7   -0.00010753684
  3     3     1     1   -0.0017676411
  3     3     2     2   -9.8133233e-05
  3     3     2     9   3.6807924e-05
  3     3     3     3    1.0302786
  3     3     3    10   0.36419973
  3     3     5     5   -9.7827842e-06
  3     3     6     6   0.003660709
  3     3     6    11   -0.0017427329
  3     3     7     7   -0.84159199
  3     3     9     2   3.6807924e-05
  3     3     9     9   -1.0551126e-05
  3     3    10     3   0.36419973
  3     3    10    10    0.1228113
  3     3    11     6   -0.0017427329
  3     3    11    11   0.00081198066
  3     4     3     4    2.3247275
  3     4     4     3   -1.1623638
  3     4     4    10   -0.40837054
  3     4    10     4   0.81674108
  3     5     1     7   -0.034211124
  3     5     3     5   0.0080439738
  3     5     5     3   -0.0046825816
  3     5     5    10   -0.00020463294
  3     5     7     1   0.050339274
  3     5     7     8   -0.0033360571
  3     5     8     7   0.0022725325
  3     5    10     5   0.0001406925
  3     6     2     7   0.00095619262
  3     6     3     6    1.9073052
  3     6     3    11   -0.89054493
  3     6     6     3   -0.95361017
  3     6     6    10   -0.33577642
  3     6     7     2   -0.0023028528
  3     6     7     9   -0.0043591777
  3     6     9     7   0.0014835368
  3     6    10     6   0.67145572
  3     6    10    11   -0.30940871
  3     6    11     3   0.44530369
  3     6    11    10   0.15458467
  3     7     2    11   6.4316631e-06
  3     7     3     7   0.0021565135
  3     7     6     2   -7.1331177e-05
  3     7     6     9   9.3124848e-06
  3     7     7     3   0.001569391
  3     7     7    10   -6.5323806e-05
  3     7     9     6   -5.0427143e-06
  3     7     9    11   -4.6874805e-06
  3     7    10     7   0.00014885237
  3     7    11     2   3.9603923e-05
  3     7    11     9   -1.2394517e-05
  3     8     1     3   0.040775353
  3     8     1    10   0.014621878
  3     8     3     1   -0.077662338
  3     8     3     8   0.0036562923
  3     8     5     7   -0.00069534268
  3     8     7     5   0.0023104878
  3     8     8     3   -0.0019338796
  3     8    10     1   -0.027974999
  3     8    10     8   0.00049888151
  3     9     2     3   0.35013469
  3     9     2    10   0.12543581
  3     9     3     2   -0.70045423
  3     9     3     9    0.2384541
  3     9     6     7   -0.0022030781
  3     9     7     6   0.0033552585
  3     9     7    11   -0.0020374235
  3     9     9     3   -0.11916601
  3     9     9    10   -0.037884205
  3     9    10     2   -0.25079439
  3     9    10     9   0.075591478
  3     9    11     7   0.0012195708
  3    10     1     1   0.0049286676
  3    10     1     8   -0.00026800808
  3    10     2     9   1.1088589e-06
  3    10     3     3   0.36419973
  3    10     3    10    0.1306805
  3    10     5     5   -3.2748062e-06
  3    10     6     6   0.00094116555
  3    10     6    11   -0.00044875589
  3    10     7     7   -0.29783615
  3    10    10     3   0.12944853
  3    10    10    10   0.044038056
  3    10    11     6   -0.00044887543
  3    10    11    11   0.00021311368
  3    11     2     7   0.0006905696
  3    11     3     6   -0.89054493
  3    11     3    11   0.41736242
  3    11     6     3   0.44530369
  3    11     6    10   0.15742399
  3    11     7     2   -0.0010114201
  3    11     7     9   0.00266111
  3    11     9     7   -0.0010351833
  3    11    10     6   -0.31480302
  3    11    10    11   0.14525842
  3    11    11     3   -0.20872048
  3    11    11    10   -0.072579848
  4     0     0     4   -1.9999989
  4     0     4     0    3.9999978
  4     1     1     4   -1.9877571
  4     1     4     1    3.9755142
  4     1     4     8   -0.16725087
  4     1     8     4   0.083625434
  4     2     2     4   -1.8003501
  4     2     4     2    3.6007001
  4     2     4     9   -1.1895982
  4     2     9     4   0.59479908
  4     3     3     4   -1.1623638
  4     3     4     3    2.3247275
  4     3     4    10   0.81674108
  4     3    10     4   -0.40837054
  4     4     1     1   3.5678669e-05
  4     4     2     2   1.193963e-06
  4     4     4     4    1.9999994
  4     4     5     5   -0.00056568432
  4     4     6     6   2.0799803e-06
  4     5     4     5   0.012803168
  4     5     5     4   -0.0064015842
  4     6     4     6    3.2784621
  4     6     4    11   -1.5334475
  4     6     6     4    -1.639231
  4     6    11     4   0.76672375
  4     7     4     7    1.3843046
  4     7     7     4   -0.6921523
  4     8     1     4   0.083625434
  4     8     4     1   -0.16725087
  4     8     4     8   0.010318335
  4     8     8     4   -0.0051591677
  4     9     2     4   0.59479908
  4     9     4     2   -1.1895982
  4     9     4     9   0.39999705
  4     9     9     4   -0.19999853
  4    10     3     4   -0.40837054
  4    10     4     3   0.81674108
  4    10     4    10   0.29172272
  4    10    10     4   -0.14586136
  4    11     4     6   -1.5334475
  4    11     4    11   0.72144656
  4    11     6     4   0.76672375
  4    11    11     4   -0.36072328
  5     0     0     5   -0.006401659
  5     0     5     0   0.012803318
  5     1     1     5   0.0015699918
  5     1     2     6   5.1610421e-05
  5     1     2    11   -1.1812858e-05
  5     1     5     1   0.0022276424
  5     1     6     2   4.5924446e-05
  5     1     6     9   -1.0298747e-05
  5     1     9     6   -7.4123281e-05
  5     1     9    11   1.3466917e-06
  5     1    11     2   -7.2230258e-06
  5     1    11     9   -1.4082702e-06
  5     2     1     6   -0.0019033857
  5     2     1    11   0.00019100939
  5     2     2     5   -0.0062795772
  5     2     5     2   0.012550576
  5     2     5     9   -0.00077682525
  5     2     6     1   0.00044133749
  5     2     6     8   -1.8036357e-06
  5     2     8     6   9.9170625e-05
  5     2     8    11   -1.784429e-06
  5     2     9     5   0.00039368527
  5     2    11     1   0.00020611624
  5     3     1     7   0.050339274
  5     3     3     5   -0.0046825816
  5     3     5     3   0.0080439738
  5     3     5    10   0.0001406925
  5     3     7     1   -0.034211124
  5     3     7     8   0.0022725325
  5     3     8     7   -0.0033360571
  5     3    10     5   -0.00020463294
  5     4     4     5   -0.0064015842
  5     4     5     4   0.012803168
  5     5     0     0   -0.00052806857
  5     5     1     1   -0.069688308
  5     5     1     8   0.0037449027
  5     5     2     2   -0.0017683134
  5     5     2     9   0.00060751151
  5     5     3     3   -9.7827842e-06
  5     5     3    10   -3.2748062e-06
  5     5     4     4   -0.00056568432
  5     5     5     5   0.0042176918
  5     5     6     6   -0.004394213
  5     5     6    11   0.0020621673
  5     5     7     7   1.9622614e-05
  5     5     8     1   0.0037449027
  5     5     8     8   0.0003820175
  5     5     9     2   0.00060751151
  5     5     9     9   0.00070490459
  5     5    10     3   -3.2748062e-06
  5     5    10    10   0.00086192722
  5     5    11     6   0.0020621673
  5     5    11    11   -0.0009609746
  5     6     1     2   0.0038800202
  5     6     1     9   -0.00069754525
  5     6     2     1   -0.001564816
  5     6     2     8   6.8505113e-05
  5     6     5     6   0.011595402
  5     6     5    11   -0.0028969225
  5     6     6     5   -0.005808141
  5     6     8     2   -0.00015851433
  5     6     9     1   0.0001074766
  5     6    11     5   0.0014454754
  5     7     1     3   -0.060012195
  5     7     1    10   -0.020920734
  5     7     3     1    0.0179692
  5     7     3     8   -0.00069534268
  5     7     5     7   0.0047096912
  5     7     7     5   -0.0016866047
  5     7     8     3   0.0023104878
  5     7     8    10   0.0005064486
  5     7    10     1   0.0060805336
  5     8     2     6   0.00073632282
  5     8     2    11   -0.00034546698
  5     8     5     8   1.4085369e-06
  5     8     6     2   0.00059521542
  5     8     6     9   -0.00020364529
  5     8     8     5   1.290254e-06
  5     8     9     6   -0.00025187831
  5     8     9    11   0.00012050493
  5     8    11     2   -0.00027923841
  5     8    11     9   9.7896963e-05
  5     9     1     6   -0.0051324922
  5     9     1    11   0.0024527841
  5     9     2     5   0.00039368527
  5     9     5     2   -0.00077682525
  5     9     5     9   0.00022940205
  5     9     6     1   0.0010294142
  5     9     6     8   -8.6242078e-05
  5     9     8     6   0.00034551253
  5     9     8    11   -0.00012211365
  5     9     9     5   -0.00010972718
  5     9    11     1   -0.00050203785
  5     9    11     8   3.5496257e-05
  5    10     1     7   0.00092593724
  5    10     3     5   -0.00020463294
  5    10     5     3   0.0001406925
  5    10     5    10   5.4070101e-05
  5    10     7     1   -0.0034984698
  5    10     7     8   0.0002753294
  5    10     8     7   -7.26409e-05
  5    10    10     5   -3.4681299e-05
  5    11     1     2   0.0080767607
  5    11     1     9   -0.0028803731
  5    11     2     1   -0.0032383601
  5    11     2     8   0.00018601675
  5    11     5     6   -0.0028969225
  5    11     5    11   0.0011874814
  5    11     6     5   0.0014454754
  5    11     8     2   -0.00046564501
  5    11     8     9   0.00010846818
  5    11     9     1   0.0011931363
  5    11    11     5   -0.00058398519
  6     0     0     6   -1.6392311
  6     0     0    11   0.76672375
  6     0     6     0    3.2784622
  6     0    11     0   -1.5334475
  6     1     1     6   -1.6280925
  6     1     1    11   0.76393274
  6     1     2     5   -0.0019033857
  6     1     5     2   0.00044133749
  6     1     5     9   0.0010294142
  6     1     6     1    3.2560837
  6     1     6     8   -0.1487307
  6     1     8     6   0.073689086
  6     1     8    11   -0.020991482
  6     1     9     5   -0.0051324922
  6     1    11     1    -1.528029
  6     1    11     8   0.039119916
  6     2     1     5   5.1610421e-05
  6     2     2     6   -1.4734976
  6     2     2    11    0.6925454
  6     2     3     7   -7.1331177e-05
  6     2     5     1   4.5924446e-05
  6     2     5     8   0.00059521542
  6     2     6     2    2.9496713
  6     2     6     9   -0.97859681
  6     2     7    10   0.000127348
  6     2     8     5   0.00073632282
  6     2     9     6   0.49128816
  6     2     9    11   -0.21912211
  6     2    10     7   0.00031639986
  6     2    11     2   -1.3826694
  6     2    11     9   0.44738234
  6     3     2     7   -0.0023028528
  6     3     3     6   -0.95361017
  6     3     3    11   0.44530369
  6     3     6     3    1.9073052
  6     3     6    10   0.67145572
  6     3     7     2   0.00095619262
  6     3     7     9   0.0014835368
  6     3     9     7   -0.0043591777
  6     3    10     6   -0.33577642
  6     3    10    11   0.15458467
  6     3    11     3   -0.89054493
  6     3    11    10   -0.30940871
  6     4     4     6    -1.639231
  6     4     4    11   0.76672375
  6     4     6     4    3.2784621
  6     4    11     4   -1.5334475
  6     5     1     2   -0.001564816
  6     5     1     9   0.0001074766
  6     5     2     1   0.0038800202
  6     5     2     8   -0.00015851433
  6     5     5     6   -0.005808141
  6     5     5    11   0.0014454754
  6     5     6     5   0.011595402
  6     5     8     2   6.8505113e-05
  6     5     9     1   -0.00069754525
  6     5    11     5   -0.0028969225
  6     6     0     0   1.9416792e-06
  6     6     1     1   0.00021922046
  6     6     1     8   -4.5875189e-05
  6     6     2     2   -0.00044819612
  6     6     2     9   -7.413975e-05
  6     6     3     3   0.003660709
  6     6     3    10   0.00094116555
  6     6     4     4   2.0799803e-06
  6     6     5     5   -0.004394213
  6     6     6     6    1.3427511
  6     6     6    11   -0.62935864
  6     6     7     7   -0.0053647903
  6     6     8     1   -4.5875189e-05
  6     6     8     8   -0.00071345418
  6     6     9     2   -7.413975e-05
  6     6     9     9   -0.00066351281
  6     6    10     3   0.00094116555
  6     6    10    10   9.3346395e-05
  6     6    11     6   -0.62935864
  6     6    11    11   0.29114626
  6     7     2     3   0.0016633989
  6     7     2    10   0.00026072147
  6     7     3     2   -0.00094512618
  6     7     3     9   -0.0022030781
  6     7     6     7    1.1319069
  6     7     7     6   -0.56595519
  6     7     7    11   0.26621555
  6     7     9     3   0.0033552585
  6     7     9    10   0.00023954399
  6     7    10     2   -0.00016948276
  6     7    10     9   -0.00029356331
  6     7    11     7   -0.53242507
  6     8     1     6   0.073689086
  6     8     1    11   -0.034908397
  6     8     2     5   9.9170625e-05
  6     8     5     2   -1.8036357e-06
  6     8     5     9   -8.6242078e-05
  6     8     6     1   -0.1487307
  6     8     6     8   0.0093843362
  6     8     8     6   -0.0046310612
  6     8     8    11   0.0013476348
  6     8     9     5   0.00034551253
  6     8    11     1   0.070363559
  6     8    11     8   -0.0025258072
  6     9     1     5   -7.4123281e-05
  6     9     2     6   0.49128816
  6     9     2    11   -0.23178308
  6     9     3     7   9.3124848e-06
  6     9     5     1   -1.0298747e-05
  6     9     5     8   -0.00020364529
  6     9     6     2   -0.97859681
  6     9     6     9   0.32945618
  6     9     7     3   -5.0427143e-06
  6     9     7    10   -4.5540038e-05
  6     9     8     5   -0.00025187831
  6     9     9     6   -0.16600558
  6     9     9    11   0.074173841
  6     9    10     7   -0.00011251249
  6     9    11     2   0.46081634
  6     9    11     9   -0.15077744
  6    10     2     7   0.00029672436
  6    10     3     6   -0.33577642
  6    10     3    11   0.15742399
  6    10     6     3   0.67145572
  6    10     6    10   0.23993355
  6    10     7     2   -0.00019764389
  6    10     7     9   0.00064227598
  6    10     9     7   -0.0018011395
  6    10    10     6   -0.12000746
  6    10    10    11   0.055205096
  6    10    11     3   -0.31480302
  6    10    11    10   -0.11047868
  6    11     1     1   -5.2704526e-05
  6    11     1     8   1.1372137e-05
  6    11     2     2   -0.0007989565
  6    11     2     9   0.00041436408
  6    11     3     3   -0.0017427329
  6    11     3    10   -0.00044875589
  6    11     5     5   0.0020621673
  6    11     6     6   -0.62935864
  6    11     6    11    0.2965358
  6    11     7     7   0.0025240431
  6    11     8     1   1.3968116e-05
  6    11     8     8   0.0003350328
  6    11     9     2   0.00032187883
  6    11     9     9   0.00021579216
  6    11    10     3   -0.00044887543
  6    11    10    10   -4.5483733e-05
  6    11    11     6    0.2961787
  6    11    11    11   -0.13736039
  7     0     0     7   -0.6921523
  7     0     7     0    1.3843046
  7     1     1     7   -0.68724434
  7     1     3     5   0.050339274
  7     1     5     3   -0.034211124
  7     1     5    10   -0.0034984698
  7     1     7     1    1.3731522
  7     1     7     8   -0.085699802
  7     1     8     7   0.042849901
  7     1    10     5   0.00092593724
  7     2     2     7   -0.62404023
  7     2     3     6   -0.0023028528
  7     2     3    11   -0.0010114201
  7     2     6     3   0.00095619262
  7     2     6    10   -0.00019764389
  7     2     7     2    1.2480766
  7     2     7     9   -0.4095252
  7     2     9     7   0.20475883
  7     2    10     6   0.00029672436
  7     2    10    11   0.001831433
  7     2    11     3   0.0006905696
  7     2    11    10   -0.00083363783
  7     3     2     6   -7.1331177e-05
  7     3     2    11   3.9603923e-05
  7     3     3     7   0.001569391
  7     3     6     9   -5.0427143e-06
  7     3     7     3   0.0021565135
  7     3     7    10   0.00014885237
  7     3     9     6   9.3124848e-06
  7     3     9    11   -1.2394517e-05
  7     3    10     7   -6.5323806e-05
  7     3    11     2   6.4316631e-06
  7     3    11     9   -4.6874805e-06
  7     4     4     7   -0.6921523
  7     4     7     4    1.3843046
  7     5     1     3    0.0179692
  7     5     1    10   0.0060805336
  7     5     3     1   -0.060012195
  7     5     3     8   0.0023104878
  7     5     5     7   -0.0016866047
  7     5     7     5   0.0047096912
  7     5     8     3   -0.00069534268
  7     5    10     1   -0.020920734
  7     5    10     8   0.0005064486
  7     6     2     3   -0.00094512618
  7     6     2    10   -0.00016948276
  7     6     3     2   0.0016633989
  7     6     3     9   0.0033552585
  7     6     6     7   -0.56595519
  7     6     7     6    1.1319069
  7     6     7    11   -0.53242507
  7     6     9     3   -0.0022030781
  7     6     9    10   -0.00029356331
  7     6    10     2   0.00026072147
  7     6    10     9   0.00023954399
  7     6    11     7   0.26621555
  7     7     1     1   -1.0985003e-06
  7     7     1     8   -1.4307446e-06
  7     7     2     2   0.00011944816
  7     7     2     9   -4.2011229e-05
  7     7     3     3   -0.84159199
  7     7     3    10   -0.29783615
  7     7     5     5   1.9622614e-05
  7     7     6     6   -0.0053647903
  7     7     6    11   0.0025240431
  7     7     7     7   0.69001151
  7     7     8     1   -1.4307446e-06
  7     7     8     8   4.8268071e-06
  7     7     9     2   -4.2011229e-05
  7     7     9     9   1.6642096e-05
  7     7    10     3   -0.29783615
  7     7    10    10   -0.1004554
  7     7    11     6   0.0025240431
  7     7    11    11   -0.0011722363
  7     8     1     7   0.042849901
  7     8     3     5   -0.0033360571
  7     8     5     3   0.0022725325
  7     8     5    10   0.0002753294
  7     8     7     1   -0.085699802
  7     8     7     8   0.0064506151
  7     8     8     7   -0.003225309
  7     8    10     5   -7.26409e-05
  7     9     2     7   0.20475883
  7     9     3     6   -0.0043591777
  7     9     3    11   0.00266111
  7     9     6     3   0.0014835368
  7     9     6    10   0.00064227598
  7     9     7     2   -0.4095252
  7     9     7     9   0.13624172
  7     9     9     7   -0.068115331
  7     9    10     6   -0.0018011395
  7     9    10    11   0.00017294129
  7     9    11     3   -0.0010351833
  7     9    11    10   8.7939369e-06
  7    10     2     6   0.00031639986
  7    10     2    11   -0.00014843532
  7    10     3     7   -6.5323806e-05
  7    10     6     2   0.000127348
  7    10     6     9   -4.5540038e-05
  7    10     7     3   0.00014885237
  7    10     7    10   6.0424316e-05
  7    10     9     6   -0.00011251249
  7    10     9    11   5.3133485e-05
  7    10    10     7   -4.7651598e-05
  7    10    11     2   -5.9751228e-05
  7    10    11     9   2.1916828e-05
  7    11     2     3   -0.00010753684
  7    11     2    10   -6.6434173e-05
  7    11     3     2   0.00059616824
  7    11     3     9   -0.0020374235
  7    11     6     7   0.26621555
  7    11     7     6   -0.53242507
  7    11     7    11   0.25229993
  7    11     9     3   0.0012195708
  7    11     9    10   0.0002020152
  7    11    10     2   0.00027274641
  7    11    10     9   -0.00026558888
  7    11    11     7   -0.12615183
  8     0     0     1   0.083625434
  8     0     0     8   -0.0051591677
  8     0     1     0   -0.16725087
  8     0     8     0   0.010318335
  8     1     1     1   -0.083903672
  8     1     1     8   0.0043743438
  8     1     5     5   0.0037449027
  8     1     6     6   -4.5875189e-05
  8     1     6    11   1.3968116e-05
  8     1     7     7   -1.4307446e-06
  8     1     8     1   0.0050956256
  8     1     8     8   0.00027823871
  8     1     9     2   0.00027872382
  8     1     9     9   0.00065603564
  8     1    10     3   -0.00026800808
  8     1    10    10   0.00063228825
  8     1    11     6   1.1372137e-05
  8     2     1     2   -0.16012906
  8     2     1     9   0.054174286
  8     2     2     1   0.083625434
  8     2     2     8   -0.00515864
  8     2     5     6   -0.00015851433
  8     2     5    11   -0.00046564501
  8     2     6     5   6.8505113e-05
  8     2     8     2   0.0098229111
  8     2     8     9   -0.0013017897
  8     2     9     1   -0.028158897
  8     2    11     5   0.00018601675
  8     3     1     3   -0.077662338
  8     3     1    10   -0.027974999
  8     3     3     1   0.040775353
  8     3     3     8   -0.0019338796
  8     3     5     7   0.0023104878
  8     3     7     5   -0.00069534268
  8     3     8     3   0.0036562923
  8     3     8    10   0.00049888151
  8     3    10     1   0.014621878
  8     4     1     4   -0.16725087
  8     4     4     1   0.083625434
  8     4     4     8   -0.0051591677
  8     4     8     4   0.010318335
  8     5     2     6   0.00059521542
  8     5     2    11   -0.00027923841
  8     5     5     8   1.290254e-06
  8     5     6     2   0.00073632282
  8     5     6     9   -0.00025187831
  8     5     8     5   1.4085369e-06
  8     5     9     6   -0.00020364529
  8     5     9    11   9.7896963e-05
  8     5    11     2   -0.00034546698
  8     5    11     9   0.00012050493
  8     6     1     6   -0.1487307
  8     6     1    11   0.070363559
  8     6     2     5   -1.8036357e-06
  8     6     5     2   9.9170625e-05
  8     6     5     9   0.00034551253
  8     6     6     1   0.073689086
  8     6     6     8   -0.0046310612
  8     6     8     6   0.0093843362
  8     6     8    11   -0.0025258072
  8     6     9     5   -8.6242078e-05
  8     6    11     1   -0.034908397
  8     6    11     8   0.0013476348
  8     7     1     7   -0.085699802
  8     7     3     5   0.0022725325
  8     7     5     3   -0.0033360571
  8     7     5    10   -7.26409e-05
  8     7     7     1   0.042849901
  8     7     7     8   -0.003225309
  8     7     8     7   0.0064506151
  8     7    10     5   0.0002753294
  8     8     1     1   -0.0060158574
  8     8     1     8   0.00027823871
  8     8     5     5   0.0003820175
  8     8     6     6   -0.00071345418
  8     8     6    11   0.0003350328
  8     8     7     7   4.8268071e-06
  8     8     8     1   0.00027823871
  8     8     8     8   6.6718069e-05
  8     8     9     9   0.00015581885
  8     8    10    10   0.00014965798
  8     8    11     6   0.0003350328
  8     8    11    11   -0.00015493903
  8     9     1     2   0.020958225
  8     9     1     9   -0.0071218031
  8     9     5    11   0.00010846818
  8     9     8     2   -0.0013017897
  8     9     8     9   0.00049408828
  8    10     1     3   -0.010785007
  8    10     1    10   -0.0038883674
  8    10     5     7   0.0005064486
  8    10     8     3   0.00049888151
  8    10     8    10   0.0002114698
  8    11     1     6   0.039119916
  8    11     1    11   -0.018519805
  8    11     5     2   -1.784429e-06
  8    11     5     9   -0.00012211365
  8    11     6     1   -0.020991482
  8    11     6     8   0.0013476348
  8    11     8     6   -0.0025258072
  8    11     8    11   0.00093070892
  8    11     9     5   3.5496257e-05
  8    11    11     1   0.009936169
  8    11    11     8   -0.00052632107
  9     0     0     2   0.59479908
  9     0     0     9   -0.19999853
  9     0     2     0   -1.1895982
  9     0     9     0   0.39999705
  9     1     1     2   0.59440864
  9     1     1     9   -0.19952406
  9     1     2     1    -1.187526
  9     1     2     8   0.054174286
  9     1     5     6   0.0001074766
  9     1     5    11   0.0011931363
  9     1     6     5   -0.00069754525
  9     1     8     2   -0.028158897
  9     1     9     1   0.39854408
  9     1     9     8   -0.0071218031
  9     1    11     5   -0.0028803731
  9     2     1     1   -0.0048801817
  9     2     2     2   -0.5414925
  9     2     2     9   0.18194594
  9     2     3     3   3.6807924e-05
  9     2     5     5   0.00060751151
  9     2     6     6   -7.413975e-05
  9     2     6    11   0.00032187883
  9     2     7     7   -4.2011229e-05
  9     2     8     1   0.00027872382
  9     2     9     2   0.18385763
  9     2     9     9   -0.053310963
  9     2    10     3   1.1088589e-06
  9     2    11     6   0.00041436408
  9     2    11    11   0.00055366082
  9     3     2     3   -0.70045423
  9     3     2    10   -0.25079439
  9     3     3     2   0.35013469
  9     3     3     9   -0.11916601
  9     3     6     7   0.0033552585
  9     3     7     6   -0.0022030781
  9     3     7    11   0.0012195708
  9     3     9     3    0.2384541
  9     3     9    10   0.075591478
  9     3    10     2   0.12543581
  9     3    10     9   -0.037884205
  9     3    11     7   -0.0020374235
  9     4     2     4   -1.1895982
  9     4     4     2   0.59479908
  9     4     4     9   -0.19999853
  9     4     9     4   0.39999705
  9     5     1     6   0.0010294142
  9     5     1    11   -0.00050203785
  9     5     2     5   -0.00077682525
  9     5     5     2   0.00039368527
  9     5     5     9   -0.00010972718
  9     5     6     1   -0.0051324922
  9     5     6     8   0.00034551253
  9     5     8     6   -8.6242078e-05
  9     5     8    11   3.5496257e-05
  9     5     9     5   0.00022940205
  9     5    11     1   0.0024527841
  9     5    11     8   -0.00012211365
  9     6     1     5   -1.0298747e-05
  9     6     2     6   -0.97859681
  9     6     2    11   0.46081634
  9     6     3     7   -5.0427143e-06
  9     6     5     1   -7.4123281e-05
  9     6     5     8   -0.00025187831
  9     6     6     2   0.49128816
  9     6     6     9   -0.16600558
  9     6     7     3   9.3124848e-06
  9     6     7    10   -0.00011251249
  9     6     8     5   -0.00020364529
  9     6     9     6   0.32945618
  9     6     9    11   -0.15077744
  9     6    10     7   -4.5540038e-05
  9     6    11     2   -0.23178308
  9     6    11     9   0.074173841
  9     7     2     7   -0.4095252
  9     7     3     6   0.0014835368
  9     7     3    11   -0.0010351833
  9     7     6     3   -0.0043591777
  9     7     6    10   -0.0018011395
  9     7     7     2   0.20475883
  9     7     7     9   -0.068115331
  9     7     9     7   0.13624172
  9     7    10     6   0.00064227598
  9     7    10    11   8.7939369e-06
  9     7    11     3   0.00266111
  9     7    11    10   0.00017294129
  9     8     2     1   0.020958225
  9     8     2     8   -0.0013017897
  9     8     9     1   -0.0071218031
  9     8     9     8   0.00049408828
  9     8    11     5   0.00010846818
  9     9     1     1   -0.014186433
  9     9     1     8   0.00065603564
  9     9     2     2   0.15691231
  9     9     2     9   -0.053310963
  9     9     3     3   -1.0551126e-05
  9     9     5     5   0.00070490459
  9     9     6     6   -0.00066351281
  9     9     6    11   0.00021579216
  9     9     7     7   1.6642096e-05
  9     9     8     1   0.00065603564
  9     9     8     8   0.00015581885
  9     9     9     2   -0.053310963
  9     9     9     9   0.016912943
  9     9    10    10   0.00035267051
  9     9    11     6   0.00021579216
  9     9    11    11   -0.00032463046
  9    10     2     3   -0.22124719
  9    10     2    10   -0.079634802
  9    10     3     2   0.11090454
  9    10     3     9   -0.037884205
  9    10     6     7   0.00023954399
  9    10     7     6   -0.00029356331
  9    10     7    11   0.0002020152
  9    10     9     3   0.075591478
  9    10     9    10   0.025306106
  9    10    10     2   0.039913601
  9    10    10     9   -0.012719621
  9    10    11     7   -0.00026558888
  9    11     1     5   -1.4082702e-06
  9    11     2     6   0.44738234
  9    11     2    11   -0.21097437
  9    11     3     7   -4.6874805e-06
  9    11     5     1   1.3466917e-06
  9    11     5     8   0.00012050493
  9    11     6     2   -0.21912211
  9    11     6     9   0.074173841
  9    11     7     3   -1.2394517e-05
  9    11     7    10   5.3133485e-05
  9    11     8     5   9.7896963e-05
  9    11     9     6   -0.15077744
  9    11     9    11   0.070493428
  9    11    10     7   2.1916828e-05
  9    11    11     2   0.10350393
  9    11    11     9   -0.033915747
 10     0     0     3   -0.40837054
 10     0     0    10   -0.14586136
 10     0     3     0   0.81674108
 10     0    10     0   0.29172272
 10     1     1     3   -0.40816957
 10     1     1    10   -0.14548826
 10     1     3     1   0.81610883
 10     1     3     8   -0.027974999
 10     1     5     7   0.0060805336
 10     1     7     5   -0.020920734
 10     1     8     3   0.014621878
 10     1    10     1   0.29078033
 10     1    10     8   -0.0038883674
 10     2     2     3   -0.3704889
 10     2     2    10   -0.13314041
 10     2     3     2   0.74115312
 10     2     3     9   -0.25079439
 10     2     6     7   -0.00016948276
 10     2     7     6   0.00026072147
 10     2     7    11   0.00027274641
 10     2     9     3   0.12543581
 10     2     9    10   0.039913601
 10     2    10     2   0.26641304
 10     2    10     9   -0.079634802
 10     2    11     7   -6.6434173e-05
 10     3     1     1   0.0049286676
 10     3     3     3   0.36419973
 10     3     3    10   0.12944853
 10     3     5     5   -3.2748062e-06
 10     3     6     6   0.00094116555
 10     3     6    11   -0.00044887543
 10     3     7     7   -0.29783615
 10     3     8     1   -0.00026800808
 10     3     9     2   1.1088589e-06
 10     3    10     3    0.1306805
 10     3    10    10   0.044038056
 10     3    11     6   -0.00044875589
 10     3    11    11   0.00021311368
 10     4     3     4   0.81674108
 10     4     4     3   -0.40837054
 10     4     4    10   -0.14586136
 10     4    10     4   0.29172272
 10     5     1     7   -0.0034984698
 10     5     3     5   0.0001406925
 10     5     5     3   -0.00020463294
 10     5     5    10   -3.4681299e-05
 10     5     7     1   0.00092593724
 10     5     7     8   -7.26409e-05
 10     5     8     7   0.0002753294
 10     5    10     5   5.4070101e-05
 10     6     2     7   -0.00019764389
 10     6     3     6   0.67145572
 10     6     3    11   -0.31480302
 10     6     6     3   -0.33577642
 10     6     6    10   -0.12000746
 10     6     7     2   0.00029672436
 10     6     7     9   -0.0018011395
 10     6     9     7   0.00064227598
 10     6    10     6   0.23993355
 10     6    10    11   -0.11047868
 10     6    11     3   0.15742399
 10     6    11    10   0.055205096
 10     7     2     6   0.000127348
 10     7     2    11   -5.9751228e-05
 10     7     3     7   0.00014885237
 10     7     6     2   0.00031639986
 10     7     6     9   -0.00011251249
 10     7     7     3   -6.5323806e-05
 10     7     7    10   -4.7651598e-05
 10     7     9     6   -4.5540038e-05
 10     7     9    11   2.1916828e-05
 10     7    10     7   6.0424316e-05
 10     7    11     2   -0.00014843532
 10     7    11     9   5.3133485e-05
 10     8     3     1   -0.010785007
 10     8     3     8   0.00049888151
 10     8     7     5   0.0005064486
 10     8    10     1   -0.0038883674
 10     8    10     8   0.0002114698
 10     9     2     3   0.11090454
 10     9     2    10   0.039913601
 10     9     3     2   -0.22124719
 10     9     3     9   0.075591478
 10     9     6     7   -0.00029356331
 10     9     7     6   0.00023954399
 10     9     7    11   -0.00026558888
 10     9     9     3   -0.037884205
 10     9     9    10   -0.012719621
 10     9    10     2   -0.079634802
 10     9    10     9   0.025306106
 10     9    11     7   0.0002020152
 10    10     1     1   -0.013670673
 10    10     1     8   0.00063228825
 10    10     3     3    0.1228113
 10    10     3    10   0.044038056
 10    10     5     5   0.00086192722
 10    10     6     6   9.3346395e-05
 10    10     6    11   -4.5483733e-05
 10    10     7     7   -0.1004554
 10    10     8     1   0.00063228825
 10    10     8     8   0.00014965798
 10    10     9     9   0.00035267051
 10    10    10     3   0.044038056
 10    10    10    10   0.015805359
 10    10    11     6   -4.5483733e-05
 10    10    11    11   2.3114121e-05
 10    11     2     7   -0.00083363783
 10    11     3     6   -0.30940871
 10    11     3    11   0.14525842
 10    11     6     3   0.15458467
 10    11     6    10   0.055205096
 10    11     7     2   0.001831433
 10    11     7     9   0.00017294129
 10    11     9     7   8.7939369e-06
 10    11    10     6   -0.11047868
 10    11    10    11   0.051784672
 10    11    11     3   -0.072579848
 10    11    11    10   -0.025851198
 11     0     0     6   0.76672375
 11     0     0    11   -0.36072328
 11     0     6     0   -1.5334475
 11     0    11     0   0.72144656
 11     1     1     6   0.76393274
 11     1     1    11   -0.35961399
 11     1     2     5   0.00019100939
 11     1     5     2   0.00020611624
 11     1     5     9   -0.00050203785
 11     1     6     1    -1.528029
 11     1     6     8   0.070363559
 11     1     8     6   -0.034908397
 11     1     8    11   0.009936169
 11     1     9     5   0.0024527841
 11     1    11     1    0.7193304
 11     1    11     8   -0.018519805
 11     2     1     5   -1.1812858e-05
 11     2     2     6    0.6925454
 11     2     2    11   -0.32670489
 11     2     3     7   3.9603923e-05
 11     2     5     1   -7.2230258e-06
 11     2     5     8   -0.00027923841
 11     2     6     2   -1.3826694
 11     2     6     9   0.46081634
 11     2     7     3   6.4316631e-06
 11     2     7    10   -5.9751228e-05
 11     2     8     5   -0.00034546698
 11     2     9     6   -0.23178308
 11     2     9    11   0.10350393
 11     2    10     7   -0.00014843532
 11     2    11     2   0.65090234
 11     2    11     9   -0.21097437
 11     3     2     7   -0.0010114201
 11     3     3     6   0.44530369
 11     3     3    11   -0.20872048
 11     3     6     3   -0.89054493
 11     3     6    10   -0.31480302
 11     3     7     2   0.0006905696
 11     3     7     9   -0.0010351833
 11     3     9     7   0.00266111
 11     3    10     6   0.15742399
 11     3    10    11   -0.072579848
 11     3    11     3   0.41736242
 11     3    11    10   0.14525842
 11     4     4     6   0.76672375
 11     4     4    11   -0.36072328
 11     4     6     4   -1.5334475
 11     4    11     4   0.72144656
 11     5     1     2   -0.0032383601
 11     5     1     9   0.0011931363
 11     5     2     1   0.0080767607
 11     5     2     8   -0.00046564501
 11     5     5     6   0.0014454754
 11     5     5    11   -0.00058398519
 11     5     6     5   -0.0028969225
 11     5     8     2   0.00018601675
 11     5     9     1   -0.0028803731
 11     5     9     8   0.00010846818
 11     5    11     5   0.0011874814
 11     6     1     1   -5.2704526e-05
 11     6     1     8   1.3968116e-05
 11     6     2     2   -0.0007989565
 11     6     2     9   0.00032187883
 11     6     3     3   -0.0017427329
 11     6     3    10   -0.00044887543
 11     6     5     5   0.0020621673
 11     6     6     6   -0.62935864
 11     6     6    11    0.2961787
 11     6     7     7   0.0025240431
 11     6     8     1   1.1372137e-05
 11     6     8     8   0.0003350328
 11     6     9     2   0.00041436408
 11     6     9     9   0.00021579216
 11     6    10     3   -0.00044875589
 11     6    10    10   -4.5483733e-05
 11     6    11     6    0.2965358
 11     6    11    11   -0.13736039
 11     7     2     3   0.00059616824
 11     7     2    10   0.00027274641
 11     7     3     2   -0.00010753684
 11     7     3     9   0.0012195708
 11     7     6     7   -0.53242507
 11     7     7     6   0.26621555
 11     7     7    11   -0.12615183
 11     7     9     3   -0.0020374235
 11     7     9    10   -0.00026558888
 11     7    10     2   -6.6434173e-05
 11     7    10     9   0.0002020152
 11     7    11     7   0.25229993
 11     8     1     6   -0.020991482
 11     8     1    11   0.009936169
 11     8     2     5   -1.784429e-06
 11     8     5     9   3.5496257e-05
 11     8     6     1   0.039119916
 11     8     6     8   -0.0025258072
 11     8     8     6   0.0013476348
 11     8     8    11   -0.00052632107
 11     8     9     5   -0.00012211365
 11     8    11     1   -0.018519805
 11     8    11     8   0.00093070892
 11     9     1     5   1.3466917e-06
 11     9     2     6   -0.21912211
 11     9     2    11   0.10350393
 11     9     3     7   -1.2394517e-05
 11     9     5     1   -1.4082702e-06
 11     9     5     8   9.7896963e-05
 11     9     6     2   0.44738234
 11     9     6     9   -0.15077744
 11     9     7     3   -4.6874805e-06
 11     9     7    10   2.1916828e-05
 11     9     8     5   0.00012050493
 11     9     9     6   0.074173841
 11     9     9    11   -0.033915747
 11     9    10     7   5.3133485e-05
 11     9    11     2   -0.21097437
 11     9    11     9   0.070493428
 11    10     2     7   0.001831433
 11    10     3     6   0.15458467
 11    10     3    11   -0.072579848
 11    10     6     3   -0.30940871
 11    10     6    10   -0.11047868
 11    10     7     2   -0.00083363783
 11    10     7     9   8.7939369e-06
 11    10     9     7   0.00017294129
 11    10    10     6   0.055205096
 11    10    10    11   -0.025851198
 11    10    11     3   0.14525842
 11    10    11    10   0.051784672
 11    11     2     2   -0.0017586253
 11    11     2     9   0.00055366082
 11    11     3     3   0.00081198066
 11    11     3    10   0.00021311368
 11    11     5     5   -0.0009609746
 11    11     6     6   0.29114626
 11    11     6    11   -0.13736039
 11    11     7     7   -0.0011722363
 11    11     8     8   -0.00015493903
 11    11     9     2   0.00055366082
 11    11     9     9   -0.00032463046
 11    11    10     3   0.00021311368
 11    11    10    10   2.3114121e-05
 11    11    11     6   -0.13736039
 11    11    11    11   0.064235807
