24
  0     0   0.99999975
  1     1   0.99999975
  2     2   0.99387884
  2    16   -0.041812717
  3     3   0.99387884
  3    17   -0.041812717
  4     4   0.90017533
  4    18   -0.29739954
  5     5   0.90017533
  5    19   -0.29739954
  6     6   0.58118217
  6    20   0.20418527
  7     7   0.58118217
  7    21   0.20418527
  8     8   0.99999971
  9     9   0.99999971
 10    10   0.003201083
 11    11   0.003201083
 12    12    0.8196158
 12    22   -0.38336187
 13    13    0.8196158
 13    23   -0.38336187
 14    14   0.34607615
 15    15   0.34607615
 16     2   -0.041812717
 16    16   0.0025795838
 17     3   -0.041812717
 17    17   0.0025795838
 18     4   -0.29739954
 18    18   0.099999263
 19     5   -0.29739954
 19    19   0.099999263
 20     6   0.20418527
 20    20   0.07293068
 21     7   0.20418527
 21    21   0.07293068
 22    12   -0.38336187
 22    22   0.18036164
 23    13   -0.38336187
 23    23   0.18036164
