   0     3.09431081e-01  2 2 2 2 2   2 2 2 0 0   0 0 
   1    -2.83526173e-01  2 2 2 2 2   2 0 2 2 0   0 0 
   2    -2.07363305e-01  b 2 2 2 2   2 2 2 0 0   a 0 
   3     2.07363305e-01  a 2 2 2 2   2 2 2 0 0   b 0 
   4    -2.02102923e-01  2 b 2 2 2   2 2 2 0 0   0 a 
   5     2.02102923e-01  2 a 2 2 2   2 2 2 0 0   0 b 
   6     1.89376700e-01  2 2 2 2 b   2 2 2 0 0   0 a 
   7    -1.89376700e-01  2 2 2 2 a   2 2 2 0 0   0 b 
   8     1.71684409e-01  2 b 2 2 2   2 0 2 2 0   0 a 
   9    -1.71684409e-01  2 a 2 2 2   2 0 2 2 0   0 b 
  10     1.70045029e-01  b 2 2 2 2   2 0 2 2 0   a 0 
  11    -1.70045029e-01  a 2 2 2 2   2 0 2 2 0   b 0 
  12    -1.68149958e-01  2 2 2 2 b   2 0 2 2 0   0 a 
  13     1.68149958e-01  2 2 2 2 a   2 0 2 2 0   0 b 
  14     1.19204691e-01  b 2 2 2 b   2 2 2 0 0   a a 
  15     1.19204691e-01  a 2 2 2 a   2 2 2 0 0   b b 
  16    -1.12363740e-01  a 2 2 2 b   2 2 2 0 0   b a 
  17    -1.12363740e-01  b 2 2 2 a   2 2 2 0 0   a b 
  18    -1.08197431e-01  b b 2 2 2   2 2 2 0 0   a a 
  19    -1.08197431e-01  a a 2 2 2   2 2 2 0 0   b b 
  20     1.06652168e-01  2 2 2 2 0   2 2 2 0 0   0 2 
  21     9.63623686e-02  a b 2 2 2   2 2 2 0 0   b a 
  22     9.63623686e-02  b a 2 2 2   2 2 2 0 0   a b 
  23    -9.56624881e-02  2 b 2 2 a   2 2 2 0 0   0 2 
  24     9.56624881e-02  2 a 2 2 b   2 2 2 0 0   0 2 
  25    -9.43548919e-02  b 2 2 2 b   2 0 2 2 0   a a 
  26    -9.43548919e-02  a 2 2 2 a   2 0 2 2 0   b b 
  27    -9.11014517e-02  2 2 2 2 0   2 0 2 2 0   0 2 
  28     8.80480998e-02  a 2 2 2 b   2 0 2 2 0   b a 
  29     8.80480998e-02  b 2 2 2 a   2 0 2 2 0   a b 
  30     8.19611115e-02  b b 2 2 2   2 0 2 2 0   a a 
  31     8.19611115e-02  a a 2 2 2   2 0 2 2 0   b b 
  32    -7.94348084e-02  b 2 2 2 2   a 2 2 0 0   2 0 
  33     7.94348084e-02  a 2 2 2 2   b 2 2 0 0   2 0 
  34     7.90048461e-02  2 b 2 2 a   2 0 2 2 0   0 2 
  35    -7.90048461e-02  2 a 2 2 b   2 0 2 2 0   0 2 
  36     7.52882726e-02  0 2 2 2 2   2 2 2 0 0   2 0 
  37    -7.45828221e-02  2 2 2 2 2   b 0 2 2 0   a 0 
  38     7.45828221e-02  2 2 2 2 2   a 0 2 2 0   b 0 
  39    -7.17295357e-02  a b 2 2 2   2 0 2 2 0   b a 
  40    -7.17295357e-02  b a 2 2 2   2 0 2 2 0   a b 
  41     7.03255833e-02  b 2 2 2 2   a 0 2 2 0   2 0 
  42    -7.03255833e-02  a 2 2 2 2   b 0 2 2 0   2 0 
  43     6.93715562e-02  2 2 2 2 2   b 2 2 0 0   a 0 
  44    -6.93715562e-02  2 2 2 2 2   a 2 2 0 0   b 0 
  45    -6.53500511e-02  2 2 2 2 2   2 2 0 0 2   0 0 
  46     6.39851788e-02  2 b 2 2 2   a 2 2 0 0   b a 
  47     6.39851788e-02  2 a 2 2 2   b 2 2 0 0   a b 
  48    -6.04425921e-02  2 b 2 2 2   a 0 2 2 0   b a 
  49    -6.04425921e-02  2 a 2 2 2   b 0 2 2 0   a b 
  50    -6.00616136e-02  2 b 2 2 2   b 2 2 0 0   a a 
  51    -6.00616136e-02  2 a 2 2 2   a 2 2 0 0   b b 
  52    -5.84853180e-02  b 2 2 2 0   2 2 2 0 0   a 2 
  53     5.84853180e-02  a 2 2 2 0   2 2 2 0 0   b 2 
  54     5.69566300e-02  2 b 2 2 2   b 0 2 2 0   a a 
  55     5.69566300e-02  2 a 2 2 2   a 0 2 2 0   b b 
  56    -5.38405853e-02  0 2 2 2 2   2 0 2 2 0   2 0 
  57     5.13254889e-02  2 2 2 2 b   a 0 2 2 0   b a 
  58     5.13254889e-02  2 2 2 2 a   b 0 2 2 0   a b 
  59    -5.05114214e-02  2 2 2 2 b   a 2 2 0 0   b a 
  60    -5.05114214e-02  2 2 2 2 a   b 2 2 0 0   a b 
  61     4.97030063e-02  b 2 2 2 b   a 2 2 0 0   2 a 
  62     4.97030063e-02  a 2 2 2 a   b 2 2 0 0   2 b 
  63     4.93562137e-02  2 2 2 2 2   2 0 0 2 2   0 0 
  64    -4.90260739e-02  b b 2 2 2   a 2 2 0 0   2 a 
  65    -4.90260739e-02  a a 2 2 2   b 2 2 0 0   2 b 
  66    -4.85875216e-02  2 2 2 2 b   b 0 2 2 0   a a 
  67    -4.85875216e-02  2 2 2 2 a   a 0 2 2 0   b b 
  68     4.75620553e-02  2 2 2 2 b   b 2 2 0 0   a a 
  69     4.75620553e-02  2 2 2 2 a   a 2 2 0 0   b b 
  70    -4.59061534e-02  a 2 2 2 b   b 2 2 0 0   2 a 
  71    -4.59061534e-02  b 2 2 2 a   a 2 2 0 0   2 b 
  72     4.40666945e-02  b b 2 2 a   2 2 2 0 0   a 2 
  73     4.40666945e-02  a a 2 2 b   2 2 2 0 0   b 2 
  74     4.39748199e-02  b 2 2 2 0   2 0 2 2 0   a 2 
  75    -4.39748199e-02  a 2 2 2 0   2 0 2 2 0   b 2 
  76     4.31767235e-02  a b 2 2 2   b 2 2 0 0   2 a 
  77     4.31767235e-02  b a 2 2 2   a 2 2 0 0   2 b 
  78    -4.28193292e-02  b 2 2 2 b   a 0 2 2 0   2 a 
  79    -4.28193292e-02  a 2 2 2 a   b 0 2 2 0   2 b 
  80    -4.17904806e-02  b a 2 2 b   2 2 2 0 0   a 2 
  81    -4.17904806e-02  a b 2 2 a   2 2 2 0 0   b 2 
  82     4.04269622e-02  b 2 2 2 2   2 2 0 0 2   a 0 
  83    -4.04269622e-02  a 2 2 2 2   2 2 0 0 2   b 0 
  84     3.93816825e-02  b b 2 2 2   a 0 2 2 0   2 a 
  85     3.93816825e-02  a a 2 2 2   b 0 2 2 0   2 b 
  86     3.93262066e-02  a 2 2 2 b   b 0 2 2 0   2 a 
  87     3.93262066e-02  b 2 2 2 a   a 0 2 2 0   2 b 
  88     3.67680613e-02  0 2 2 2 b   2 2 2 0 0   2 a 
  89    -3.67680613e-02  0 2 2 2 a   2 2 2 0 0   2 b 
  90     3.55547772e-02  2 b 2 2 2   2 2 0 0 2   0 a 
  91    -3.55547772e-02  2 a 2 2 2   2 2 0 0 2   0 b 
  92    -3.53898211e-02  2 2 2 2 b   2 2 0 0 2   0 a 
  93     3.53898211e-02  2 2 2 2 a   2 2 0 0 2   0 b 
  94    -3.43319533e-02  a b 2 2 2   b 0 2 2 0   2 a 
  95    -3.43319533e-02  b a 2 2 2   a 0 2 2 0   2 b 
  96    -3.36759441e-02  2 2 2 0 2   2 2 2 0 0   0 2 
  97     3.31412000e-02  2 a 2 2 b   b 2 2 0 0   a 2 
  98     3.31412000e-02  2 b 2 2 a   a 2 2 0 0   b 2 
  99    -3.28889889e-02  2 b 2 2 a   b 2 2 0 0   a 2 
 100    -3.28889889e-02  2 a 2 2 b   a 2 2 0 0   b 2 
 101    -3.25811708e-02  b b 2 2 a   2 0 2 2 0   a 2 
 102    -3.25811708e-02  a a 2 2 b   2 0 2 2 0   b 2 
 103     3.16762422e-02  2 2 2 2 0   b 2 2 0 0   a 2 
 104    -3.16762422e-02  2 2 2 2 0   a 2 2 0 0   b 2 
 105    -3.08648985e-02  2 2 2 2 0   b 0 2 2 0   a 2 
 106     3.08648985e-02  2 2 2 2 0   a 0 2 2 0   b 2 
 107     3.08272221e-02  b a 2 2 b   2 0 2 2 0   a 2 
 108     3.08272221e-02  a b 2 2 a   2 0 2 2 0   b 2 
 109    -3.01655305e-02  2 a 2 2 b   b 0 2 2 0   a 2 
 110    -3.01655305e-02  2 b 2 2 a   a 0 2 2 0   b 2 
 111     3.00751964e-02  2 b 2 2 a   b 0 2 2 0   a 2 
 112     3.00751964e-02  2 a 2 2 b   a 0 2 2 0   b 2 
 113    -2.67252238e-02  b 2 2 2 0   a 2 2 0 0   2 2 
 114     2.67252238e-02  a 2 2 2 0   b 2 2 0 0   2 2 
 115    -2.43349617e-02  0 2 2 2 b   2 0 2 2 0   2 a 
 116     2.43349617e-02  0 2 2 2 a   2 0 2 2 0   2 b 
 117     2.27759832e-02  b 2 2 2 0   a 0 2 2 0   2 2 
 118    -2.27759832e-02  a 2 2 2 0   b 0 2 2 0   2 2 
 119     2.26326121e-02  b b 2 2 a   a 2 2 0 0   2 2 
 120     2.26326121e-02  a a 2 2 b   b 2 2 0 0   2 2 
 121    -2.24270084e-02  0 b 2 2 2   2 2 2 0 0   2 a 
 122     2.24270084e-02  0 a 2 2 2   2 2 2 0 0   2 b 
 123    -2.24212097e-02  b 2 2 2 2   2 0 0 2 2   a 0 
 124     2.24212097e-02  a 2 2 2 2   2 0 0 2 2   b 0 
 125    -2.18638045e-02  b a 2 2 b   a 2 2 0 0   2 2 
 126    -2.18638045e-02  a b 2 2 a   b 2 2 0 0   2 2 
 127     2.05923116e-02  2 2 2 2 b   2 0 0 2 2   0 a 
 128    -2.05923116e-02  2 2 2 2 a   2 0 0 2 2   0 b 
 129    -2.02387848e-02  2 b 2 2 2   2 0 0 2 2   0 a 
 130     2.02387848e-02  2 a 2 2 2   2 0 0 2 2   0 b 
 131    -1.83219007e-02  b 2 2 2 b   2 2 0 0 2   a a 
 132    -1.83219007e-02  a 2 2 2 a   2 2 0 0 2   b b 
 133    -1.74864975e-02  b b 2 2 a   a 0 2 2 0   2 2 
 134    -1.74864975e-02  a a 2 2 b   b 0 2 2 0   2 2 
 135     1.69202352e-02  b a 2 2 b   a 0 2 2 0   2 2 
 136     1.69202352e-02  a b 2 2 a   b 0 2 2 0   2 2 
 137     1.69141719e-02  a 2 2 2 b   2 2 0 0 2   b a 
 138     1.69141719e-02  b 2 2 2 a   2 2 0 0 2   a b 
 139     1.60658098e-02  2 2 a b 2   2 2 2 0 0   b a 
 140     1.60658098e-02  2 2 b a 2   2 2 2 0 0   a b 
 141     1.59991701e-02  b b 2 2 2   2 2 0 0 2   a a 
 142     1.59991701e-02  a a 2 2 2   2 2 0 0 2   b b 
 143    -1.59490955e-02  2 2 b b 2   2 2 2 0 0   a a 
 144    -1.59490955e-02  2 2 a a 2   2 2 2 0 0   b b 
 145     1.55134325e-02  2 2 b 2 2   2 2 2 0 a   0 0 
 146    -1.55134325e-02  2 2 a 2 2   2 2 2 0 b   0 0 
 147     1.49942418e-02  0 b 2 2 2   2 0 2 2 0   2 a 
 148    -1.49942418e-02  0 a 2 2 2   2 0 2 2 0   2 b 
 149    -1.48208770e-02  2 2 2 2 2   b 2 0 0 2   a 0 
 150     1.48208770e-02  2 2 2 2 2   a 2 0 0 2   b 0 
 151     1.47792419e-02  0 2 2 2 0   2 2 2 0 0   2 2 
 152     1.46761604e-02  b 2 a 2 2   2 2 2 0 b   a 0 
 153     1.46761604e-02  a 2 b 2 2   2 2 2 0 a   b 0 
 154    -1.45856238e-02  2 2 b 2 2   2 0 2 2 a   0 0 
 155     1.45856238e-02  2 2 a 2 2   2 0 2 2 b   0 0 
 156    -1.40843794e-02  a b 2 2 2   2 2 0 0 2   b a 
 157    -1.40843794e-02  b a 2 2 2   2 2 0 0 2   a b 
 158     1.36630865e-02  2 b 2 2 2   0 0 2 2 0   2 a 
 159    -1.36630865e-02  2 a 2 2 2   0 0 2 2 0   2 b 
 160    -1.32051949e-02  2 2 2 0 2   b 2 2 0 0   a 2 
 161     1.32051949e-02  2 2 2 0 2   a 2 2 0 0   b 2 
 162     1.31072371e-02  2 b a 2 2   2 2 2 0 b   0 a 
 163     1.31072371e-02  2 a b 2 2   2 2 2 0 a   0 b 
 164     1.30889747e-02  b 2 2 2 2   a 2 0 0 2   2 0 
 165    -1.30889747e-02  a 2 2 2 2   b 2 0 0 2   2 0 
 166    -1.28663897e-02  0 2 2 2 2   2 2 0 0 2   2 0 
 167    -1.26490030e-02  2 2 2 2 0   2 2 0 0 2   0 2 
 168     1.25265754e-02  2 2 b b 2   2 0 2 2 0   a a 
 169     1.25265754e-02  2 2 a a 2   2 0 2 2 0   b b 
 170    -1.24209089e-02  2 2 a b 2   2 0 2 2 0   b a 
 171    -1.24209089e-02  2 2 b a 2   2 0 2 2 0   a b 
 172    -1.19400960e-02  2 b b 2 2   2 2 2 0 a   0 a 
 173    -1.19400960e-02  2 a a 2 2   2 2 2 0 b   0 b 
 174    -1.08728099e-02  b 2 a 2 2   2 0 2 2 b   a 0 
 175    -1.08728099e-02  a 2 b 2 2   2 0 2 2 a   b 0 
 176    -1.05206408e-02  2 b 2 2 2   a 2 0 0 2   b a 
 177    -1.05206408e-02  2 a 2 2 2   b 2 0 0 2   a b 
 178    -1.04452945e-02  2 b a 2 2   2 0 2 2 b   0 a 
 179    -1.04452945e-02  2 a b 2 2   2 0 2 2 a   0 b 
 180     1.02713233e-02  2 2 2 2 2   b 0 0 2 2   a 0 
 181    -1.02713233e-02  2 2 2 2 2   a 0 0 2 2   b 0 
 182    -1.02630031e-02  b 2 b 2 2   2 2 2 0 a   a 0 
 183    -1.02630031e-02  a 2 a 2 2   2 2 2 0 b   b 0 
 184     1.01155981e-02  2 2 2 2 2   2 a b b a   0 0 
 185     1.01155981e-02  2 2 2 2 2   2 b a a b   0 0 
 186    -1.00639093e-02  2 b 2 2 2   0 2 2 0 0   2 a 
 187     1.00639093e-02  2 a 2 2 2   0 2 2 0 0   2 b 
 188     9.44229730e-03  2 b b 2 2   2 0 2 2 a   0 a 
 189     9.44229730e-03  2 a a 2 2   2 0 2 2 b   0 b 
 190     9.32767387e-03  2 b 2 2 2   b 2 0 0 2   a a 
 191     9.32767387e-03  2 a 2 2 2   a 2 0 0 2   b b 
 192    -9.07021830e-03  2 2 b 2 b   2 2 2 0 a   0 a 
 193    -9.07021830e-03  2 2 a 2 a   2 2 2 0 b   0 b 
 194     9.00934068e-03  2 2 a 2 b   2 2 2 0 b   0 a 
 195     9.00934068e-03  2 2 b 2 a   2 2 2 0 a   0 b 
 196     8.97066642e-03  b b a 2 2   2 2 2 0 b   a a 
 197    -8.97066642e-03  a a b 2 2   2 2 2 0 a   b b 
 198    -8.86585707e-03  2 2 2 2 b   2 2 a 0 b   a 0 
 199    -8.86585707e-03  2 2 2 2 a   2 2 b 0 a   b 0 
 200     8.51702807e-03  2 2 2 2 b   a 2 0 0 2   b a 
 201     8.51702807e-03  2 2 2 2 a   b 2 0 0 2   a b 
 202    -8.40701514e-03  2 2 0 2 2   2 2 2 0 0   2 0 
 203     8.36929941e-03  2 b 2 2 a   0 0 2 2 0   2 2 
 204    -8.36929941e-03  2 a 2 2 b   0 0 2 2 0   2 2 
 205     8.33453553e-03  b 2 b 2 2   2 0 2 2 a   a 0 
 206     8.33453553e-03  a 2 a 2 2   2 0 2 2 b   b 0 
 207     8.11114985e-03  b 2 a 2 b   2 2 2 0 b   a a 
 208    -8.11114985e-03  a 2 b 2 a   2 2 2 0 a   b b 
 209     8.09093001e-03  2 b 2 2 2   2 2 a 0 b   a 0 
 210     8.09093001e-03  2 a 2 2 2   2 2 b 0 a   b 0 
 211     7.75832428e-03  a 2 b 2 b   2 2 2 0 a   b a 
 212    -7.75832428e-03  b 2 a 2 a   2 2 2 0 b   a b 
 213    -7.74539191e-03  2 2 a 2 b   2 0 2 2 b   0 a 
 214    -7.74539191e-03  2 2 b 2 a   2 0 2 2 a   0 b 
 215     7.73417725e-03  2 2 b 2 b   2 0 2 2 a   0 a 
 216     7.73417725e-03  2 2 a 2 a   2 0 2 2 b   0 b 
 217     7.66611382e-03  a b b 2 2   2 2 2 0 a   b a 
 218    -7.66611382e-03  b a a 2 2   2 2 2 0 b   a b 
 219    -7.63429191e-03  2 2 2 2 b   b 2 0 0 2   a a 
 220    -7.63429191e-03  2 2 2 2 a   a 2 0 0 2   b b 
 221     7.24500316e-03  2 2 2 2 2   2 b b a a   0 0 
 222     7.24500316e-03  2 2 2 2 2   2 a a b b   0 0 
 223    -7.19146912e-03  b 2 2 2 2   2 b a a b   a 0 
 224     7.19146912e-03  a 2 2 2 2   2 a b b a   b 0 
 225    -7.09034069e-03  b 2 2 2 2   2 a b b a   a 0 
 226     7.09034069e-03  a 2 2 2 2   2 b a a b   b 0 
 227    -6.99839381e-03  2 b 2 2 a   0 2 2 0 0   2 2 
 228     6.99839381e-03  2 a 2 2 b   0 2 2 0 0   2 2 
 229    -6.68456036e-03  b b b 2 2   2 2 2 0 a   a a 
 230     6.68456036e-03  a a a 2 2   2 2 2 0 b   b b 
 231    -6.63500420e-03  2 2 2 2 0   2 2 2 0 0   2 0 
 232    -6.59375297e-03  2 2 2 2 b   0 0 2 2 0   2 a 
 233     6.59375297e-03  2 2 2 2 a   0 0 2 2 0   2 b 
 234    -6.58311318e-03  b b a 2 2   2 0 2 2 b   a a 
 235     6.58311318e-03  a a b 2 2   2 0 2 2 a   b b 
 236    -6.37040018e-03  a b a 2 2   2 2 2 0 b   b a 
 237     6.37040018e-03  b a b 2 2   2 2 2 0 a   a b 
 238     6.22918454e-03  0 2 b 2 2   2 2 2 0 a   2 0 
 239    -6.22918454e-03  0 2 a 2 2   2 2 2 0 b   2 0 
 240    -5.98556450e-03  2 2 2 2 0   0 0 2 2 0   2 2 
 241     5.92791870e-03  2 2 2 2 2   b b 2 a 0   0 a 
 242     5.92791870e-03  2 2 2 2 2   a a 2 b 0   0 b 
 243     5.80702870e-03  2 2 0 2 2   2 0 2 2 0   2 0 
 244    -5.55551046e-03  2 2 2 2 0   2 2 2 0 2   0 0 
 245    -5.41068204e-03  2 a b 2 b   2 2 2 0 a   0 2 
 246    -5.41068204e-03  2 b a 2 a   2 2 2 0 b   0 2 
 247     5.25161755e-03  2 2 2 2 2   b a 2 b 0   0 a 
 248     5.25161755e-03  2 2 2 2 2   a b 2 a 0   0 b 
 249     5.03084781e-03  2 2 2 2 b   2 b a a b   0 a 
 250    -5.03084781e-03  2 2 2 2 a   2 a b b a   0 b 
 251    -4.96709338e-03  2 2 2 2 2   0 2 2 0 2   0 0 
 252    -4.67145000e-03  2 2 2 2 2   0 0 2 2 0   2 0 
 253    -4.56502379e-03  2 b 2 2 2   2 2 b 0 a   a 0 
 254    -4.56502379e-03  2 a 2 2 2   2 2 a 0 b   b 0 
 255     4.51084034e-03  2 2 2 2 b   2 a b b a   0 a 
 256    -4.51084034e-03  2 2 2 2 a   2 b a a b   0 b 
 257    -4.30458840e-03  a 2 2 2 2   b b 2 a 0   b a 
 258     4.30458840e-03  b 2 2 2 2   a a 2 b 0   a b 
 259    -3.91857822e-03  2 2 0 2 b   2 2 2 0 0   2 a 
 260     3.91857822e-03  2 2 0 2 a   2 2 2 0 0   2 b 
 261    -3.90764801e-03  2 b 2 2 2   2 a b b a   0 a 
 262     3.90764801e-03  2 a 2 2 2   2 b a a b   0 b 
 263    -3.87954774e-03  2 b 2 2 2   2 b a a b   0 a 
 264     3.87954774e-03  2 a 2 2 2   2 a b b a   0 b 
 265     3.84789071e-03  2 2 2 2 0   0 2 2 0 0   2 2 
 266     3.76071559e-03  b 2 2 2 2   0 2 2 0 2   a 0 
 267    -3.76071559e-03  a 2 2 2 2   0 2 2 0 2   b 0 
 268     3.75242188e-03  2 2 b 2 2   a 2 2 0 b   a 0 
 269     3.75242188e-03  2 2 a 2 2   b 2 2 0 a   b 0 
 270    -3.63047735e-03  a 2 2 2 2   b a 2 b 0   b a 
 271     3.63047735e-03  b 2 2 2 2   a b 2 a 0   a b 
 272     3.60449572e-03  0 2 2 2 2   2 a b b a   2 0 
 273     3.60449572e-03  0 2 2 2 2   2 b a a b   2 0 
 274    -3.42133667e-03  2 2 2 2 2   0 2 2 2 0   0 0 
 275     3.40787255e-03  2 2 2 2 b   2 a a b b   0 a 
 276    -3.40787255e-03  2 2 2 2 a   2 b b a a   0 b 
 277     3.26387215e-03  b 2 2 2 2   b b 2 a 0   a a 
 278    -3.26387215e-03  a 2 2 2 2   a a 2 b 0   b b 
 279     3.22877632e-03  b 2 2 2 b   2 b a a b   a a 
 280     3.22877632e-03  a 2 2 2 a   2 a b b a   b b 
 281    -3.17108492e-03  b 2 2 2 2   2 a a b b   a 0 
 282     3.17108492e-03  a 2 2 2 2   2 b b a a   b 0 
 283    -3.09055459e-03  b 2 2 2 2   2 b b a a   a 0 
 284     3.09055459e-03  a 2 2 2 2   2 a a b b   b 0 
 285     3.03654581e-03  b 2 2 2 2   0 2 2 2 0   a 0 
 286    -3.03654581e-03  a 2 2 2 2   0 2 2 2 0   b 0 
 287     2.96552505e-03  b 2 2 2 2   b a 2 b 0   a a 
 288    -2.96552505e-03  a 2 2 2 2   a b 2 a 0   b b 
 289    -2.91576660e-03  a 2 2 2 b   2 b a a b   b a 
 290    -2.91576660e-03  b 2 2 2 a   2 a b b a   a b 
 291    -2.81286348e-03  a 2 b 2 2   2 2 2 0 b   a 0 
 292    -2.81286348e-03  b 2 a 2 2   2 2 2 0 a   b 0 
 293     2.74609332e-03  b 2 2 2 b   2 a b b a   a a 
 294     2.74609332e-03  a 2 2 2 a   2 b a a b   b b 
 295    -2.70111428e-03  2 2 2 2 2   0 2 2 0 0   2 0 
 296     2.66574548e-03  2 2 2 2 b   2 b b a a   0 a 
 297    -2.66574548e-03  2 2 2 2 a   2 a a b b   0 b 
 298    -2.62839398e-03  a 2 2 2 b   2 a b b a   b a 
 299    -2.62839398e-03  b 2 2 2 a   2 b a a b   a b 
 300     2.29295470e-03  2 2 2 2 b   0 2 2 0 0   2 a 
 301    -2.29295470e-03  2 2 2 2 a   0 2 2 0 0   2 b 
 302    -2.26527235e-03  2 b 2 2 2   2 a a b b   0 a 
 303     2.26527235e-03  2 a 2 2 2   2 b b a a   0 b 
 304     2.19753957e-03  2 2 2 2 2   b a a b b   a 0 
 305    -2.19753957e-03  2 2 2 2 2   a b b a a   b 0 
 306    -2.14783016e-03  2 2 2 2 b   a b 2 a 0   0 2 
 307    -2.14783016e-03  2 2 2 2 a   b a 2 b 0   0 2 
 308    -2.01589630e-03  2 2 2 2 0   2 2 2 2 0   0 0 
 309    -2.01073285e-03  2 2 2 2 2   2 0 2 0 0   0 2 
 310    -2.00564771e-03  2 b 2 2 2   2 b b a a   0 a 
 311     2.00564771e-03  2 a 2 2 2   2 a a b b   0 b 
 312    -1.88974036e-03  0 2 2 2 2   2 2 2 0 2   0 0 
 313    -1.79725051e-03  2 2 2 2 2   0 2 2 0 0   0 2 
 314    -1.75787817e-03  2 2 2 2 2   b 2 a 0 b   0 a 
 315    -1.75787817e-03  2 2 2 2 2   a 2 b 0 a   0 b 
 316     1.74479746e-03  b 2 2 2 b   2 a a b b   a a 
 317     1.74479746e-03  a 2 2 2 a   2 b b a a   b b 
 318     1.66744123e-03  2 2 2 2 2   b b b a a   a 0 
 319    -1.66744123e-03  2 2 2 2 2   a a a b b   b 0 
 320    -1.54089831e-03  2 b 2 2 2   2 b 2 a 0   a 0 
 321    -1.54089831e-03  2 a 2 2 2   2 a 2 b 0   b 0 
 322     1.52104954e-03  b 2 2 2 2   0 2 2 0 0   a 2 
 323    -1.52104954e-03  a 2 2 2 2   0 2 2 0 0   b 2 
 324    -1.49796623e-03  2 b 2 2 2   2 a 2 b 0   a 0 
 325    -1.49796623e-03  2 a 2 2 2   2 b 2 a 0   b 0 
 326     1.49446511e-03  2 2 2 2 2   b 0 a 2 b   0 a 
 327     1.49446511e-03  2 2 2 2 2   a 0 b 2 a   0 b 
 328     1.47671902e-03  0 2 2 2 2   2 b b a a   2 0 
 329     1.47671902e-03  0 2 2 2 2   2 a a b b   2 0 
 330     1.44296151e-03  b 2 2 2 b   2 b b a a   a a 
 331     1.44296151e-03  a 2 2 2 a   2 a a b b   b b 
 332     1.43125208e-03  2 2 2 2 2   a 2 b 0 b   0 a 
 333     1.43125208e-03  2 2 2 2 2   b 2 a 0 a   0 b 
 334     1.28905440e-03  a 2 2 2 2   b 2 a 0 b   b a 
 335    -1.28905440e-03  b 2 2 2 2   a 2 b 0 a   a b 
 336     1.04538065e-03  2 2 2 2 2   b a b b a   a 0 
 337    -1.04538065e-03  2 2 2 2 2   a b a a b   b 0 
 338     8.69011223e-04  2 2 2 2 2   b b a a b   a 0 
 339    -8.69011223e-04  2 2 2 2 2   a a b b a   b 0 
 340     7.39163543e-04  2 2 2 2 b   a 2 b 0 a   0 2 
 341     7.39163543e-04  2 2 2 2 a   b 2 a 0 b   0 2 
 342    -4.42152876e-04  b 2 2 2 2   b 2 a 0 b   a a 
 343     4.42152876e-04  a 2 2 2 2   a 2 b 0 a   b b 
 344     3.76586662e-04  2 2 2 2 2   2 0 2 0 0   2 0 
 345     2.55435735e-04  2 2 2 2 b   2 a 2 b 0   a 0 
 346     2.55435735e-04  2 2 2 2 a   2 b 2 a 0   b 0 
 347    -2.53054645e-04  2 2 2 2 2   b 2 b 0 a   0 a 
 348    -2.53054645e-04  2 2 2 2 2   a 2 a 0 b   0 b 
 349     1.94459689e-04  2 2 2 2 a   2 b 2 b 0   a 0 
 350     1.94459689e-04  2 2 2 2 b   2 a 2 a 0   b 0 
 351     1.02427630e-04  2 2 0 2 2   2 2 2 0 2   0 0 

